26	18500	2	4	1	1	-1	3	1	1	-1	0	1	1	-1	3	1	-1	-1	1	1	-1	0	2	1	-1	1	1	1	-1	-1	5	1	-1	-1	5	1	1	-1	5	1	-1	-1	4	1	-1	-1	0	1	-1	-1	1	2	1	-1	0	1	1	-1	3	1	-1	3	5	1	-1	-1	1	1	-1	-1	1	1	1	-1	5	1	1	-1	0	1	-1	-1	4	1	1	-1	1	1	1	-1	4	1	-1	-1	3	1	-1	-1	4	1	-1	-1	3	1	-1	-1	5	1	-1	-1	3	1	1	-1	2	1	-1	-1	3	1	1	-1	3	1	1	-1	5	1	-1	0	1	1	-1	1	5	1	-1	-1	3	1	1	-1	3	1	1	-1	4	1	1	-1	1	1	1	-1	5	1	-1	2	4	1	-1	3	5	1	-1	2	3	1	-1	3	1	1	-1	-1	5	1	-1	-1	2	1	-1	-1	5	1	1	-1	5	1	1	-1	4	1	1	-1	0	1	1	-1	4	1	1	-1	1	1	1	-1	4	1	-1	-1	4	1	1	-1	2	1	-1	-1	4	1	1	-1	2	1	1	-1	1	1	1	-1	3	2	1	-1	1	1	1	-1	5	1	1	-1	2	1	-1	0	4	1	-1	1	1	1	-1	-1	5	1	-1	-1	0	1	-1	2	2	1	-1	3	0	1	-1	-1	5	1	-1	-1	2	1	-1	-1	4	1	-1	2	5	1	-1	3	1	1	-1	-1	3	1	1	-1	0	1	1	-1	4	1	1	-1	1	1	1	-1	3	1	1	-1	3	1	1	-1	0	1	-1	-1	0	1	1	-1	5	1	1	-1	
27	5-2-4-2
28	18800	2	0	1	1	-1	4	1	1	-1	4	1	1	-1	3	1	-1	-1	1	1	-1	0	2	1	-1	1	1	1	-1	-1	5	1	-1	-1	5	1	1	-1	4	1	-1	-1	3	1	-1	-1	0	1	-1	-1	1	2	1	-1	0	1	1	-1	3	1	-1	3	5	1	-1	-1	1	1	-1	-1	1	1	1	-1	5	1	1	-1	4	1	-1	-1	0	1	1	-1	1	1	1	-1	4	1	-1	-1	3	1	-1	-1	4	1	-1	-1	3	1	-1	-1	5	1	-1	-1	5	1	1	-1	0	1	-1	-1	4	1	1	-1	3	1	1	-1	5	1	-1	0	1	1	-1	1	5	1	-1	-1	3	1	1	-1	3	1	1	-1	3	1	1	-1	2	1	1	-1	3	1	-1	2	4	1	-1	3	5	1	-1	2	3	1	-1	3	1	1	-1	-1	5	1	-1	-1	2	1	-1	-1	4	1	-1	-1	1	1	-1	-1	4	1	-1	-1	0	1	1	-1	4	1	1	-1	1	1	1	-1	4	1	-1	-1	4	1	1	-1	2	1	-1	-1	4	1	1	-1	2	1	1	-1	1	1	1	-1	3	2	1	-1	1	1	1	-1	5	1	1	-1	2	1	-1	0	4	1	-1	1	1	1	-1	-1	5	1	-1	-1	0	1	-1	2	2	1	-1	3	0	1	-1	-1	5	1	-1	-1	2	1	-1	-1	4	1	-1	2	5	1	-1	3	1	1	-1	-1	3	1	1	-1	0	1	1	-1	4	1	1	-1	1	1	1	-1	3	1	1	-1	3	1	1	-1	0	1	-1	-1	0	1	1	-1	5	1	1	-1	
29	5-3-4-3
30	19100	2	0	1	1	-1	4	1	1	-1	2	1	1	-1	3	1	-1	-1	5	1	-1	0	2	1	-1	1	1	1	-1	-1	5	1	-1	-1	5	1	1	-1	4	1	-1	-1	3	1	-1	-1	4	1	-1	-1	3	1	1	-1	1	1	1	-1	3	1	-1	3	5	1	-1	-1	1	1	-1	-1	1	1	1	-1	5	1	1	-1	4	1	-1	-1	0	1	1	-1	1	2	1	-1	0	1	-1	-1	3	1	-1	-1	4	1	-1	-1	3	1	-1	-1	5	1	-1	-1	5	1	1	-1	0	1	-1	-1	0	1	1	-1	1	1	1	-1	4	1	-1	0	1	1	-1	1	5	1	-1	-1	3	1	1	-1	3	1	1	-1	3	1	1	-1	2	1	1	-1	4	1	-1	2	3	1	-1	3	5	1	-1	2	3	1	-1	3	1	1	-1	-1	5	1	-1	-1	2	1	-1	-1	4	1	-1	-1	1	1	-1	-1	3	1	-1	-1	0	1	-1	-1	5	1	-1	-1	1	1	1	-1	4	1	-1	-1	4	1	1	-1	2	1	-1	-1	4	1	1	-1	2	1	1	-1	1	1	1	-1	3	2	1	-1	1	1	1	-1	5	1	1	-1	2	1	-1	0	4	1	-1	1	1	1	-1	-1	5	1	-1	-1	0	1	-1	2	2	1	-1	3	0	1	-1	-1	5	1	-1	-1	2	1	-1	-1	4	1	-1	2	5	1	-1	3	1	1	-1	-1	3	1	1	-1	0	1	1	-1	4	1	1	-1	1	1	1	-1	3	1	1	-1	3	1	1	-1	0	1	-1	-1	0	1	1	-1	5	1	1	-1	
32	19400	2	2	1	1	-1	5	1	1	-1	1	1	1	-1	3	1	-1	-1	5	1	-1	0	2	1	-1	1	1	1	-1	-1	5	1	-1	-1	5	1	1	-1	0	1	-1	-1	4	1	-1	-1	2	1	-1	-1	3	1	1	-1	1	1	1	-1	3	1	-1	3	5	1	-1	-1	1	1	-1	-1	1	1	1	-1	5	1	1	-1	3	1	-1	-1	0	1	1	-1	1	2	1	-1	0	1	-1	-1	3	1	-1	-1	4	1	-1	-1	3	1	-1	-1	5	1	-1	-1	5	1	1	-1	0	1	-1	-1	0	1	1	-1	1	1	1	-1	4	1	-1	0	1	1	-1	1	5	1	-1	-1	3	1	1	-1	3	1	1	-1	3	1	1	-1	2	1	1	-1	4	1	-1	2	3	1	-1	3	5	1	-1	2	3	1	-1	3	1	1	-1	-1	5	1	-1	-1	2	1	-1	-1	4	1	-1	-1	1	1	-1	-1	3	1	-1	-1	0	1	-1	-1	5	1	-1	-1	1	1	1	-1	4	1	-1	-1	4	1	1	-1	2	1	-1	-1	4	1	1	-1	2	1	1	-1	1	1	1	-1	3	2	1	-1	1	1	1	-1	5	1	1	-1	2	1	-1	0	4	1	-1	1	1	1	-1	-1	5	1	-1	-1	0	1	-1	2	2	1	-1	3	0	1	-1	-1	5	1	-1	-1	2	1	-1	-1	4	1	-1	2	5	1	-1	3	1	1	-1	-1	3	1	1	-1	0	1	1	-1	4	1	1	-1	1	1	1	-1	3	1	1	-1	3	1	1	-1	0	1	-1	-1	0	1	1	-1	5	1	1	-1	
31	1-1-2-1
33	4-5-4-6
34	19700	2	2	1	1	-1	5	1	1	-1	1	1	1	-1	3	1	-1	-1	5	1	-1	0	1	1	-1	1	1	1	-1	-1	5	1	-1	-1	5	1	1	-1	0	1	-1	-1	4	1	-1	-1	2	1	-1	-1	3	1	1	-1	1	1	1	-1	1	1	-1	3	5	1	-1	-1	1	1	-1	-1	1	1	1	-1	5	1	1	-1	3	1	-1	-1	0	1	1	-1	1	2	1	-1	0	1	-1	-1	4	1	-1	-1	4	1	-1	-1	3	1	-1	-1	5	1	-1	-1	5	1	1	-1	0	1	-1	-1	0	1	1	-1	1	1	1	-1	4	1	-1	0	2	1	-1	1	5	1	-1	-1	3	1	1	-1	3	1	1	-1	3	1	1	-1	2	1	1	-1	4	1	-1	2	3	1	-1	3	5	1	-1	2	3	1	-1	3	3	1	-1	-1	5	1	-1	-1	2	1	-1	-1	4	1	-1	-1	1	1	-1	-1	3	1	-1	-1	0	1	-1	-1	5	1	-1	-1	3	1	-1	-1	4	1	-1	-1	4	1	1	-1	2	1	-1	-1	4	1	1	-1	2	1	1	-1	1	1	1	-1	3	2	1	-1	1	1	1	-1	5	1	1	-1	2	1	-1	0	4	1	-1	1	1	1	-1	-1	5	1	-1	-1	0	1	-1	2	2	1	-1	3	0	1	-1	-1	5	1	-1	-1	2	1	-1	-1	4	1	-1	2	5	1	-1	3	1	1	-1	-1	3	1	1	-1	0	1	1	-1	4	1	1	-1	1	1	1	-1	3	1	1	-1	3	1	1	-1	0	1	-1	-1	0	1	1	-1	5	1	1	-1	
35	4-4-4-3
37	0-3-0-2
36	23800	2	2	1	1	-1	4	1	1	-1	3	1	1	-1	0	1	-1	-1	4	1	-1	0	3	1	-1	1	3	1	-1	-1	5	1	-1	-1	5	1	1	-1	2	1	-1	-1	5	1	-1	-1	1	1	-1	-1	3	1	1	-1	2	1	1	-1	5	1	-1	3	3	1	-1	-1	2	1	-1	-1	0	1	-1	-1	0	1	-1	-1	4	1	-1	-1	2	1	-1	-1	3	1	-1	-1	5	1	-1	-1	1	2	-1	-1	1	1	-1	-1	5	1	-1	-1	5	1	-1	-1	5	1	1	-1	0	1	-1	-1	0	1	1	-1	1	1	1	-1	0	1	-1	0	4	1	-1	1	4	1	-1	-1	3	1	1	-1	3	1	1	-1	3	1	1	-1	2	1	1	-1	4	1	-1	2	5	1	-1	3	4	1	-1	2	2	1	-1	3	5	1	-1	-1	5	1	-1	-1	2	1	-1	-1	4	1	-1	-1	1	1	-1	-1	3	1	-1	-1	0	1	-1	-1	5	1	-1	-1	3	1	-1	-1	4	1	-1	-1	4	1	1	-1	2	1	-1	-1	4	1	1	-1	2	1	1	-1	1	1	1	-1	3	2	1	-1	1	1	1	-1	5	1	1	-1	2	1	-1	0	4	1	-1	1	1	1	-1	-1	5	1	-1	-1	0	1	-1	2	2	1	-1	3	0	1	-1	-1	5	1	-1	-1	2	1	-1	-1	4	1	-1	2	5	1	-1	3	1	1	-1	-1	3	1	1	-1	0	1	1	-1	4	1	1	-1	1	1	1	-1	3	1	1	-1	3	1	1	-1	0	1	-1	-1	0	1	1	-1	5	1	1	-1	
38	24100	2	2	1	1	-1	4	1	1	-1	0	1	1	-1	4	1	-1	-1	4	1	-1	0	3	1	-1	1	3	1	-1	-1	5	1	-1	-1	5	1	1	-1	2	1	-1	-1	5	1	-1	-1	1	1	-1	-1	3	1	-1	-1	2	1	1	-1	5	1	-1	3	3	1	-1	-1	2	1	-1	-1	0	1	-1	-1	0	1	-1	-1	4	1	-1	-1	2	1	-1	-1	0	1	-1	-1	5	1	-1	-1	1	2	-1	-1	1	1	-1	-1	5	1	-1	-1	5	1	-1	-1	5	1	1	-1	0	1	-1	-1	0	1	1	-1	1	1	1	-1	0	1	-1	0	4	1	-1	1	4	1	-1	-1	3	1	1	-1	3	1	1	-1	3	1	1	-1	2	1	1	-1	4	1	-1	2	5	1	-1	3	4	1	-1	2	2	1	-1	3	5	1	-1	-1	5	1	-1	-1	2	1	-1	-1	4	1	-1	-1	1	1	-1	-1	3	1	-1	-1	0	1	-1	-1	5	1	-1	-1	3	1	-1	-1	4	1	-1	-1	4	1	1	-1	2	1	-1	-1	4	1	1	-1	2	1	1	-1	1	1	1	-1	3	2	1	-1	1	1	1	-1	5	1	1	-1	2	1	-1	0	4	1	-1	1	1	1	-1	-1	5	1	-1	-1	0	1	-1	2	2	1	-1	3	0	1	-1	-1	5	1	-1	-1	2	1	-1	-1	4	1	-1	2	5	1	-1	3	1	1	-1	-1	3	1	1	-1	0	1	1	-1	4	1	1	-1	1	1	1	-1	3	1	1	-1	3	1	1	-1	0	1	-1	-1	0	1	1	-1	5	1	1	-1	
39	3-4-4-4
40	25000	2	2	1	1	-1	4	1	1	-1	0	1	1	-1	4	1	-1	-1	2	1	-1	0	0	1	-1	1	4	1	-1	-1	5	1	-1	-1	5	1	1	-1	2	1	-1	-1	5	1	-1	-1	1	1	-1	-1	3	1	-1	-1	4	1	1	-1	3	1	-1	3	0	1	-1	-1	2	1	-1	-1	0	1	-1	-1	0	1	-1	-1	4	1	-1	-1	2	1	-1	-1	0	1	-1	-1	2	1	-1	-1	5	1	-1	-1	3	1	-1	-1	5	1	-1	-1	5	1	-1	-1	5	1	1	-1	0	1	-1	-1	0	1	1	-1	1	1	1	-1	5	1	-1	0	1	2	-1	1	1	1	-1	-1	3	1	1	-1	3	1	1	-1	3	1	1	-1	2	1	1	-1	4	1	-1	2	5	1	-1	3	0	1	-1	2	2	1	-1	3	5	1	-1	-1	5	1	-1	-1	2	1	-1	-1	4	1	-1	-1	1	1	-1	-1	3	1	-1	-1	0	1	-1	-1	5	1	-1	-1	3	1	-1	-1	4	1	-1	-1	4	1	1	-1	2	1	-1	-1	4	1	1	-1	2	1	1	-1	1	1	1	-1	3	2	1	-1	1	1	1	-1	5	1	1	-1	2	1	-1	0	4	1	-1	1	1	1	-1	-1	5	1	-1	-1	0	1	-1	2	2	1	-1	3	0	1	-1	-1	5	1	-1	-1	2	1	-1	-1	4	1	-1	2	5	1	-1	3	1	1	-1	-1	3	1	1	-1	0	1	1	-1	4	1	1	-1	1	1	1	-1	3	1	1	-1	3	1	1	-1	0	1	-1	-1	0	1	1	-1	5	1	1	-1	
41	3-3-3-4
42	31000	3	1	1	-1	-1	0	1	1	-1	0	1	1	-1	4	1	-1	-1	2	1	-1	0	2	1	-1	1	5	1	-1	-1	4	1	-1	-1	3	1	1	-1	4	1	-1	-1	4	1	-1	-1	0	1	-1	-1	4	1	-1	-1	2	1	1	-1	0	1	-1	3	4	1	-1	-1	5	1	-1	-1	5	1	-1	-1	1	1	-1	-1	5	1	-1	-1	1	1	-1	-1	3	1	-1	-1	4	1	-1	-1	3	1	-1	-1	0	1	-1	-1	2	1	-1	-1	0	1	-1	-1	0	1	-1	-1	4	1	-1	-1	2	1	-1	0	0	1	-1	1	2	1	-1	0	5	1	-1	1	3	1	-1	-1	5	1	-1	-1	5	1	-1	-1	3	1	1	-1	2	1	1	-1	4	1	-1	2	5	1	-1	3	0	1	-1	2	2	1	-1	3	5	1	-1	-1	5	1	-1	-1	2	1	-1	-1	4	1	-1	-1	1	1	-1	-1	3	1	-1	-1	0	1	-1	-1	5	1	-1	-1	3	1	-1	-1	4	1	-1	-1	4	1	1	-1	2	1	-1	-1	4	1	1	-1	2	1	1	-1	1	1	1	-1	3	2	1	-1	1	1	1	-1	5	1	1	-1	2	1	-1	0	4	1	-1	1	1	1	-1	-1	5	1	-1	-1	0	1	-1	2	2	1	-1	3	0	1	-1	-1	5	1	-1	-1	2	1	-1	-1	4	1	-1	2	5	1	-1	3	1	1	-1	-1	3	1	1	-1	0	1	1	-1	4	1	1	-1	1	1	1	-1	3	1	1	-1	3	1	1	-1	0	1	-1	-1	0	1	1	-1	5	1	1	-1	
43	4-3-4-4
44	31300	3	1	1	-1	-1	0	1	1	-1	0	1	1	-1	1	1	-1	-1	2	1	-1	0	2	1	-1	1	5	1	-1	-1	4	1	-1	-1	3	1	1	-1	4	1	-1	-1	4	1	-1	-1	0	1	-1	-1	1	1	-1	-1	2	1	1	-1	0	1	-1	3	4	1	-1	-1	5	1	-1	-1	5	1	-1	-1	1	1	-1	-1	5	1	-1	-1	1	1	-1	-1	0	1	-1	-1	4	1	-1	-1	3	1	-1	-1	0	1	-1	-1	2	1	-1	-1	0	1	-1	-1	0	1	-1	-1	4	1	-1	-1	2	1	-1	0	4	1	-1	1	2	1	-1	0	5	1	-1	1	3	1	-1	-1	5	1	-1	-1	5	1	-1	-1	3	1	1	-1	2	1	1	-1	4	1	-1	2	4	1	-1	3	5	1	-1	2	2	1	-1	3	5	1	-1	-1	5	1	-1	-1	2	1	-1	-1	4	1	-1	-1	1	1	-1	-1	3	1	-1	-1	3	1	-1	-1	5	1	-1	-1	3	1	-1	-1	4	1	-1	-1	4	1	1	-1	2	1	-1	-1	4	1	1	-1	2	1	1	-1	1	1	1	-1	3	2	1	-1	1	1	1	-1	5	1	1	-1	2	1	-1	0	4	1	-1	1	1	1	-1	-1	5	1	-1	-1	0	1	-1	2	2	1	-1	3	0	1	-1	-1	5	1	-1	-1	2	1	-1	-1	4	1	-1	2	5	1	-1	3	1	1	-1	-1	3	1	1	-1	0	1	1	-1	4	1	1	-1	1	1	1	-1	3	1	1	-1	3	1	1	-1	0	1	-1	-1	0	1	1	-1	5	1	1	-1	
45	5-4-5-5
46	31600	3	1	1	-1	-1	0	1	1	-1	5	1	1	-1	5	1	-1	-1	1	1	-1	0	2	1	-1	1	5	1	-1	-1	4	1	-1	-1	3	1	1	-1	4	1	-1	-1	4	1	-1	-1	0	1	-1	-1	1	1	-1	-1	2	1	1	-1	0	1	-1	3	4	1	-1	-1	5	1	-1	-1	5	1	-1	-1	1	1	-1	-1	5	1	-1	-1	0	1	-1	-1	1	1	-1	-1	2	1	-1	-1	3	1	-1	-1	0	1	-1	-1	2	1	-1	-1	0	1	-1	-1	0	1	-1	-1	4	1	-1	-1	1	1	-1	0	0	1	-1	1	4	1	-1	0	5	1	-1	1	3	1	-1	-1	5	1	-1	-1	5	1	-1	-1	3	1	1	-1	2	1	1	-1	2	1	-1	2	4	1	-1	3	2	1	-1	2	2	1	-1	3	5	1	-1	-1	5	1	-1	-1	2	1	-1	-1	4	1	-1	-1	1	1	-1	-1	4	1	-1	-1	4	1	-1	-1	5	1	-1	-1	5	1	-1	-1	4	1	-1	-1	4	1	1	-1	2	1	-1	-1	4	1	1	-1	2	1	1	-1	1	1	1	-1	3	2	1	-1	1	1	1	-1	5	1	1	-1	2	1	-1	0	4	1	-1	1	1	1	-1	-1	5	1	-1	-1	0	1	-1	2	2	1	-1	3	0	1	-1	-1	5	1	-1	-1	2	1	-1	-1	4	1	-1	2	5	1	-1	3	1	1	-1	-1	3	1	1	-1	0	1	1	-1	4	1	1	-1	1	1	1	-1	3	1	1	-1	3	1	1	-1	0	1	-1	-1	0	1	1	-1	5	1	1	-1	
47	6-4-6-5
48	31900	3	1	1	-1	-1	0	1	1	-1	5	1	1	-1	5	1	-1	-1	4	1	-1	0	2	1	-1	1	5	1	-1	-1	4	1	-1	-1	3	1	1	-1	4	1	-1	-1	4	1	-1	-1	0	1	-1	-1	1	1	-1	-1	3	1	1	-1	0	1	-1	3	4	1	-1	-1	5	1	-1	-1	5	1	-1	-1	1	1	-1	-1	5	1	-1	-1	0	1	-1	-1	1	1	-1	-1	5	1	-1	-1	3	1	-1	-1	0	1	-1	-1	2	1	-1	-1	0	1	-1	-1	0	1	-1	-1	4	1	-1	-1	1	1	-1	0	0	1	-1	1	1	1	-1	0	5	1	-1	1	3	1	-1	-1	5	1	-1	-1	5	1	-1	-1	3	1	1	-1	2	1	1	-1	2	1	-1	2	4	1	-1	3	2	1	-1	2	2	1	-1	3	5	1	-1	-1	5	1	-1	-1	2	1	-1	-1	4	1	-1	-1	1	1	-1	-1	4	1	-1	-1	4	1	-1	-1	2	1	-1	-1	5	1	-1	-1	4	1	-1	-1	4	1	1	-1	2	1	-1	-1	4	1	1	-1	2	1	1	-1	1	1	1	-1	3	2	1	-1	4	1	-1	-1	1	1	1	-1	2	1	-1	0	4	1	-1	1	1	1	-1	-1	5	1	-1	-1	0	1	-1	2	2	1	-1	3	0	1	-1	-1	2	1	-1	-1	2	1	-1	-1	4	1	-1	2	5	1	-1	3	1	1	-1	-1	3	1	1	-1	0	1	1	-1	4	1	1	-1	1	1	1	-1	3	1	1	-1	3	1	1	-1	0	1	-1	-1	0	1	1	-1	5	1	1	-1	
49	7-6-6-6
50	32800	3	1	1	-1	-1	0	1	1	-1	5	1	1	-1	5	1	-1	-1	2	1	-1	0	1	1	-1	1	1	1	-1	-1	2	1	-1	-1	3	1	1	-1	4	1	-1	-1	4	1	-1	-1	0	1	-1	-1	1	1	-1	-1	4	1	1	-1	2	1	-1	3	4	1	-1	-1	4	1	-1	-1	3	1	-1	-1	1	1	-1	-1	5	1	-1	-1	0	1	-1	-1	1	1	-1	-1	3	1	-1	-1	0	1	-1	-1	4	1	-1	-1	2	1	-1	-1	0	1	-1	-1	0	1	-1	-1	4	1	-1	-1	1	1	-1	0	0	1	-1	1	5	1	-1	0	3	1	-1	1	0	1	-1	-1	5	1	-1	-1	5	1	-1	-1	3	1	1	-1	2	1	1	-1	2	1	-1	2	4	1	-1	3	1	1	-1	2	5	1	-1	3	3	1	-1	-1	5	1	-1	-1	2	1	-1	-1	4	1	-1	-1	1	1	-1	-1	4	1	-1	-1	4	1	-1	-1	2	1	-1	-1	2	1	-1	-1	5	1	-1	-1	4	1	1	-1	2	1	-1	-1	4	1	1	-1	2	1	1	-1	1	1	1	-1	3	2	1	-1	2	1	-1	-1	5	1	1	-1	4	1	-1	0	4	1	-1	1	1	1	-1	-1	5	1	-1	-1	0	1	-1	2	2	1	-1	3	0	1	-1	-1	4	1	-1	-1	1	1	-1	-1	4	1	-1	2	5	1	-1	3	1	1	-1	-1	3	1	1	-1	0	1	1	-1	4	1	1	-1	1	1	1	-1	3	1	1	-1	3	1	1	-1	0	1	-1	-1	0	1	1	-1	5	1	1	-1	
51	5-0-5-1
33100	3	1	1	-1	-1	2	1	1	-1	4	1	1	-1	4	1	-1	-1	2	1	-1	0	1	1	-1	1	1	1	-1	-1	2	1	-1	-1	3	1	1	-1	4	1	-1	-1	0	1	-1	-1	5	1	-1	-1	5	1	-1	-1	4	1	1	-1	2	1	-1	3	4	1	-1	-1	4	1	-1	-1	3	1	-1	-1	1	1	-1	-1	4	1	-1	-1	0	1	-1	-1	1	1	-1	-1	3	1	-1	-1	0	1	-1	-1	4	1	-1	-1	2	1	-1	-1	0	1	-1	-1	0	1	-1	-1	5	1	-1	-1	0	1	-1	0	1	1	-1	1	5	1	-1	0	3	1	-1	1	0	1	-1	-1	5	1	-1	-1	5	1	-1	-1	3	1	1	-1	4	1	1	-1	1	1	-1	2	0	1	-1	3	1	1	-1	2	5	1	-1	3	3	1	-1	-1	5	1	-1	-1	2	1	-1	-1	1	1	-1	-1	2	1	-1	-1	2	1	-1	-1	4	1	-1	-1	2	1	-1	-1	2	1	-1	-1	5	1	-1	-1	4	1	1	-1	2	1	-1	-1	4	1	1	-1	2	1	1	-1	1	1	1	-1	3	2	1	-1	2	1	-1	-1	5	1	1	-1	4	1	-1	0	4	1	-1	1	1	1	-1	-1	5	1	-1	-1	0	1	-1	2	2	1	-1	3	0	1	-1	-1	4	1	-1	-1	1	1	-1	-1	4	1	-1	2	5	1	-1	3	1	1	-1	-1	3	1	1	-1	0	1	1	-1	4	1	1	-1	1	1	1	-1	3	1	1	-1	3	1	1	-1	0	1	-1	-1	0	1	1	-1	5	1	1	-1	
7-1-7-2
33400	3	1	1	-1	-1	3	1	1	-1	4	1	1	-1	4	1	-1	-1	2	1	-1	0	1	1	-1	1	1	1	-1	-1	2	1	-1	-1	3	1	1	-1	4	1	-1	-1	0	1	-1	-1	5	1	-1	-1	5	1	-1	-1	4	1	1	-1	2	1	-1	3	4	1	-1	-1	4	1	-1	-1	3	1	-1	-1	1	1	-1	-1	1	1	-1	-1	0	1	-1	-1	1	1	-1	-1	3	1	-1	-1	0	1	-1	-1	4	1	-1	-1	2	1	-1	-1	0	1	-1	-1	0	1	-1	-1	2	1	-1	-1	0	1	-1	0	1	1	-1	1	5	1	-1	0	3	1	-1	1	0	1	-1	-1	5	1	-1	-1	5	1	-1	-1	3	1	1	-1	0	1	1	-1	1	1	-1	2	0	1	-1	3	1	1	-1	2	5	1	-1	3	3	1	-1	-1	5	1	-1	-1	2	1	-1	-1	1	1	-1	-1	4	1	-1	-1	2	1	-1	-1	4	1	-1	-1	2	1	-1	-1	2	1	-1	-1	5	1	-1	-1	4	1	1	-1	2	1	-1	-1	4	1	1	-1	5	1	-1	0	1	1	1	-1	3	2	1	-1	2	1	-1	-1	5	1	1	-1	4	1	-1	0	4	1	-1	1	1	1	-1	-1	5	1	-1	-1	4	1	-1	2	0	1	-1	3	0	1	-1	-1	4	1	-1	-1	1	1	-1	-1	4	1	-1	2	5	1	-1	3	1	1	-1	-1	3	1	1	-1	0	1	1	-1	4	1	1	-1	1	1	1	-1	3	1	1	-1	3	1	1	-1	0	1	-1	-1	0	1	1	-1	5	1	1	-1	
7-1-8-1
42300	4	1	1	-1	-1	1	1	1	-1	0	1	1	-1	0	1	-1	-1	4	1	-1	0	1	1	-1	1	1	1	-1	-1	2	1	-1	-1	3	1	1	-1	4	1	-1	-1	3	1	-1	-1	4	1	-1	-1	3	1	-1	-1	2	1	-1	2	2	1	-1	3	4	1	-1	-1	4	1	-1	-1	3	1	-1	-1	1	1	-1	-1	0	1	-1	-1	5	1	-1	-1	5	1	-1	-1	3	1	-1	-1	0	1	-1	-1	4	1	-1	-1	2	1	-1	-1	0	1	-1	-1	0	1	-1	-1	1	1	-1	-1	0	1	-1	0	1	1	-1	1	5	1	-1	0	3	1	-1	1	0	1	-1	-1	5	1	-1	-1	5	1	-1	-1	3	1	1	-1	2	1	1	-1	0	1	-1	2	1	1	-1	3	1	1	-1	2	5	1	-1	3	3	1	-1	-1	5	1	-1	-1	2	1	-1	-1	1	1	-1	-1	0	1	-1	-1	1	1	-1	-1	0	1	-1	-1	2	1	-1	-1	2	1	-1	-1	5	1	-1	-1	4	1	1	-1	2	1	-1	-1	4	1	1	-1	4	1	-1	0	2	1	1	-1	4	1	1	-1	2	1	-1	-1	5	1	1	-1	4	1	-1	0	4	1	-1	1	1	1	-1	-1	5	1	-1	-1	5	1	-1	2	1	1	-1	3	3	2	-1	-1	4	1	-1	-1	1	1	-1	-1	4	1	-1	2	5	1	-1	3	1	1	-1	-1	3	1	1	-1	4	1	1	-1	4	1	1	-1	1	1	1	-1	3	1	1	-1	3	1	1	-1	0	1	-1	-1	0	1	1	-1	5	1	1	-1	
7-6-7-7
42600	4	1	1	-1	-1	1	1	1	-1	0	1	1	-1	0	1	-1	-1	4	1	-1	0	1	1	-1	1	1	1	-1	-1	5	1	-1	-1	3	1	1	-1	4	1	-1	-1	3	1	-1	-1	4	1	-1	-1	3	1	-1	-1	2	1	-1	2	2	1	-1	3	4	1	-1	-1	0	1	-1	-1	3	1	-1	-1	1	1	-1	-1	0	1	-1	-1	5	1	-1	-1	5	1	-1	-1	3	1	-1	-1	0	1	-1	-1	4	1	-1	-1	4	1	-1	-1	0	1	-1	-1	0	1	-1	-1	1	1	-1	-1	0	1	-1	0	1	1	-1	1	5	1	-1	0	3	1	-1	1	0	1	-1	-1	2	1	-1	-1	5	1	-1	-1	3	1	1	-1	2	1	1	-1	0	1	-1	2	1	1	-1	3	1	1	-1	2	5	1	-1	3	3	1	-1	-1	4	1	-1	-1	2	1	-1	-1	1	1	-1	-1	0	1	-1	-1	1	1	-1	-1	0	1	-1	-1	2	1	-1	-1	2	1	-1	-1	5	1	-1	-1	2	1	-1	-1	2	1	-1	-1	4	1	1	-1	4	1	-1	0	2	1	1	-1	4	1	1	-1	2	1	-1	-1	5	1	1	-1	4	1	-1	0	5	1	-1	1	1	1	-1	-1	5	1	-1	-1	5	1	-1	2	1	1	-1	3	3	2	-1	-1	4	1	-1	-1	1	1	-1	-1	5	1	-1	2	5	1	-1	3	1	1	-1	-1	3	1	1	-1	4	1	1	-1	4	1	1	-1	1	1	1	-1	3	1	1	-1	3	1	1	-1	0	1	-1	-1	0	1	1	-1	5	1	1	-1	
6-2-6-3
46900	5	1	1	-1	-1	1	1	1	-1	0	1	1	-1	0	1	-1	-1	4	1	-1	0	1	1	-1	1	1	1	-1	-1	5	1	-1	-1	3	1	1	-1	4	1	-1	-1	3	1	-1	-1	4	1	-1	-1	3	1	-1	-1	2	1	-1	2	2	1	-1	3	4	1	-1	-1	0	1	-1	-1	3	1	-1	-1	1	1	-1	-1	0	1	-1	-1	5	1	-1	-1	5	1	-1	-1	3	1	-1	-1	0	1	-1	-1	4	1	-1	-1	4	1	-1	-1	0	1	-1	-1	0	1	-1	-1	1	1	-1	-1	0	1	-1	0	1	1	-1	1	5	1	-1	0	3	1	-1	1	0	1	-1	-1	2	1	-1	-1	5	1	-1	-1	3	1	1	-1	2	1	1	-1	0	1	-1	2	1	1	-1	3	1	1	-1	2	5	1	-1	3	3	1	-1	-1	4	1	-1	-1	2	1	-1	-1	1	1	-1	-1	0	1	-1	-1	1	1	-1	-1	0	1	-1	-1	2	1	-1	-1	2	1	-1	-1	5	1	-1	-1	2	1	-1	-1	2	1	-1	-1	4	1	-1	-1	4	1	-1	0	2	1	-1	1	4	1	1	-1	2	1	-1	-1	5	1	1	-1	4	1	-1	0	5	1	-1	1	1	1	-1	-1	5	1	-1	-1	5	1	-1	2	1	1	-1	3	3	2	-1	-1	4	1	-1	-1	1	1	-1	-1	5	1	-1	2	5	1	-1	3	1	1	-1	-1	3	1	1	-1	4	1	1	-1	4	1	1	-1	1	1	1	-1	3	1	1	-1	3	1	1	-1	0	1	-1	-1	0	1	1	-1	5	1	1	-1	
-1--1--1--1
