30	43800	3	5	1	1	-1	3	1	-1	-1	3	1	-1	-1	0	1	-1	-1	4	1	1	-1	3	1	-1	-1	3	1	-1	-1	5	1	-1	-1	3	1	1	-1	2	1	-1	-1	5	1	-1	-1	4	1	-1	-1	1	1	-1	-1	0	1	-1	-1	1	1	-1	-1	2	1	1	-1	3	1	1	-1	4	1	1	-1	0	1	1	-1	3	1	-1	-1	2	1	-1	-1	0	1	-1	-1	1	1	-1	-1	3	1	-1	-1	0	1	-1	-1	2	1	-1	-1	4	1	-1	-1	4	1	1	-1	2	1	1	-1	4	1	-1	1	3	1	-1	-1	0	1	-1	-1	4	1	-1	-1	1	1	-1	0	2	1	-1	1	2	1	1	-1	1	1	-1	-1	3	1	-1	2	0	1	-1	3	5	1	-1	0	3	1	-1	1	1	1	-1	-1	0	1	-1	2	3	1	-1	3	2	1	-1	-1	3	1	1	-1	5	1	-1	-1	5	1	-1	-1	4	1	-1	2	2	1	-1	3	1	1	-1	-1	1	1	-1	-1	3	1	1	-1	5	1	1	-1	0	1	1	-1	1	1	-1	-1	1	1	-1	-1	4	1	-1	-1	0	1	-1	-1	2	1	-1	0	5	1	1	-1	4	1	1	-1	1	1	1	-1	5	1	1	-1	1	1	1	-1	4	1	-1	-1	3	1	-1	0	2	1	-1	1	3	1	-1	2	4	1	1	-1	5	1	1	-1	1	1	1	-1	5	1	1	-1	2	1	1	-1	3	1	-1	-1	1	1	-1	2	2	1	-1	3	2	1	1	-1	0	1	1	-1	1	1	1	-1	4	1	1	-1	
31	5-3-4-3
32	44100	3	5	1	1	-1	1	1	-1	-1	4	1	-1	-1	5	1	-1	-1	4	1	1	-1	3	1	-1	-1	3	1	-1	-1	5	1	-1	-1	3	1	1	-1	2	1	-1	-1	3	1	-1	-1	3	1	-1	-1	0	1	-1	-1	0	1	-1	-1	1	1	-1	-1	2	1	1	-1	3	1	1	-1	4	1	1	-1	0	1	1	-1	5	1	-1	-1	4	1	-1	-1	1	1	-1	-1	1	1	-1	-1	3	1	-1	-1	0	1	-1	-1	2	1	-1	-1	4	1	-1	-1	4	1	1	-1	3	1	1	-1	2	1	-1	1	0	1	-1	-1	0	1	-1	-1	4	1	-1	-1	1	1	-1	0	2	1	-1	1	2	1	1	-1	1	1	-1	-1	2	1	-1	2	4	1	-1	3	3	1	-1	0	3	1	-1	1	1	1	-1	-1	0	1	-1	2	3	1	-1	3	2	1	-1	-1	3	1	1	-1	3	1	-1	-1	0	1	-1	-1	4	1	-1	2	2	1	-1	3	1	1	-1	-1	1	1	-1	-1	3	1	1	-1	5	1	1	-1	0	1	1	-1	1	1	-1	-1	1	1	-1	-1	4	1	-1	-1	0	1	-1	-1	2	1	-1	0	5	1	1	-1	4	1	1	-1	1	1	1	-1	5	1	1	-1	1	1	1	-1	4	1	-1	-1	3	1	-1	0	2	1	-1	1	3	1	-1	2	4	1	1	-1	5	1	1	-1	1	1	1	-1	5	1	1	-1	2	1	1	-1	3	1	-1	-1	1	1	-1	2	2	1	-1	3	2	1	1	-1	0	1	1	-1	1	1	1	-1	4	1	1	-1	
33	4-3-4-2
34	44400	3	5	1	1	-1	1	1	-1	-1	4	1	-1	-1	1	1	-1	-1	4	1	1	-1	3	1	-1	-1	3	1	-1	-1	5	1	-1	-1	3	1	1	-1	2	1	-1	-1	3	1	-1	-1	3	1	-1	-1	2	1	-1	-1	0	1	-1	-1	1	1	-1	-1	2	1	1	-1	3	1	1	-1	4	1	1	-1	0	1	1	-1	5	1	-1	-1	4	1	-1	-1	5	1	-1	-1	1	1	-1	-1	3	1	-1	-1	0	1	-1	-1	2	1	-1	-1	4	1	-1	-1	4	1	1	-1	3	1	1	-1	2	1	-1	1	5	1	-1	-1	0	1	-1	-1	4	1	-1	-1	1	1	-1	0	2	1	-1	1	2	1	1	-1	1	1	-1	-1	2	1	-1	2	3	1	-1	3	0	1	-1	0	3	1	-1	1	1	1	-1	-1	0	1	-1	2	3	1	-1	3	2	1	-1	-1	3	1	1	-1	3	1	-1	-1	0	1	-1	-1	1	1	-1	2	2	1	-1	3	1	1	-1	-1	1	1	-1	-1	3	1	1	-1	5	1	1	-1	0	1	1	-1	1	1	-1	-1	1	1	-1	-1	0	1	-1	-1	0	1	-1	-1	2	1	-1	0	5	1	1	-1	4	1	1	-1	1	1	1	-1	5	1	1	-1	1	1	1	-1	4	1	-1	-1	3	1	-1	0	2	1	-1	1	3	1	-1	2	4	1	1	-1	5	1	1	-1	1	1	1	-1	5	1	1	-1	2	1	1	-1	3	1	-1	-1	1	1	-1	2	2	1	-1	3	2	1	1	-1	0	1	1	-1	1	1	1	-1	4	1	1	-1	
35	5-3-5-2
36	44700	3	5	1	1	-1	1	1	-1	-1	4	1	-1	-1	0	1	-1	-1	4	1	1	-1	3	1	-1	-1	3	1	-1	-1	5	1	-1	-1	3	1	1	-1	2	1	-1	-1	3	1	-1	-1	3	1	-1	-1	4	1	-1	-1	0	1	-1	-1	1	1	-1	-1	2	1	1	-1	3	1	1	-1	4	1	1	-1	0	1	1	-1	5	1	-1	-1	4	1	-1	-1	5	1	-1	-1	1	1	-1	-1	3	1	-1	-1	0	1	-1	-1	2	1	-1	-1	4	1	-1	-1	4	1	1	-1	3	1	1	-1	2	1	-1	1	1	1	-1	-1	0	1	-1	-1	4	1	-1	-1	1	1	-1	0	2	1	-1	1	2	1	1	-1	1	1	-1	-1	2	1	-1	2	3	1	-1	3	2	1	-1	0	3	1	-1	1	1	1	-1	-1	0	1	-1	2	3	1	-1	3	2	1	-1	-1	3	1	1	-1	3	1	-1	-1	1	1	-1	-1	5	1	-1	2	2	1	-1	3	1	1	-1	-1	1	1	-1	-1	3	1	1	-1	5	1	1	-1	0	1	1	-1	1	1	-1	-1	1	1	-1	-1	5	1	-1	-1	0	1	-1	-1	2	1	-1	0	5	1	1	-1	4	1	1	-1	1	1	1	-1	5	1	1	-1	1	1	1	-1	4	1	-1	-1	3	1	-1	0	2	1	-1	1	3	1	-1	2	4	1	1	-1	5	1	1	-1	1	1	1	-1	5	1	1	-1	2	1	1	-1	3	1	-1	-1	1	1	-1	2	2	1	-1	3	2	1	1	-1	0	1	1	-1	1	1	1	-1	4	1	1	-1	
37	5-1-5-2
38	45000	3	5	1	1	-1	4	1	-1	-1	4	1	-1	-1	0	1	-1	-1	4	1	1	-1	3	1	-1	-1	3	1	-1	-1	5	1	-1	-1	3	1	1	-1	2	1	-1	-1	3	1	-1	-1	3	1	-1	-1	4	1	-1	-1	0	1	-1	-1	1	1	-1	-1	2	1	1	-1	3	1	1	-1	4	1	1	-1	0	1	1	-1	3	1	-1	-1	4	1	-1	-1	5	1	-1	-1	1	1	-1	-1	3	1	-1	-1	0	1	-1	-1	2	1	-1	-1	4	1	-1	-1	4	1	1	-1	1	1	1	-1	2	1	-1	1	1	1	-1	-1	0	1	-1	-1	4	1	-1	-1	1	1	-1	0	2	1	-1	1	2	1	1	-1	1	1	-1	-1	3	1	-1	2	3	1	-1	3	2	1	-1	0	3	1	-1	1	1	1	-1	-1	0	1	-1	2	3	1	-1	3	2	1	-1	-1	3	1	1	-1	5	1	-1	-1	3	1	-1	-1	5	1	-1	2	2	1	-1	3	1	1	-1	-1	1	1	-1	-1	3	1	1	-1	5	1	1	-1	0	1	1	-1	3	1	-1	-1	1	1	-1	-1	5	1	-1	-1	0	1	-1	-1	2	1	-1	0	5	1	1	-1	4	1	1	-1	1	1	1	-1	5	1	1	-1	2	1	-1	-1	4	1	-1	-1	3	1	-1	0	2	1	-1	1	3	1	-1	2	4	1	1	-1	5	1	1	-1	1	1	1	-1	5	1	1	-1	2	1	1	-1	3	1	-1	-1	1	1	-1	2	2	1	-1	3	2	1	1	-1	0	1	1	-1	1	1	1	-1	4	1	1	-1	
39	4-0-5-0
40	46800	3	4	1	1	-1	3	1	-1	-1	5	1	-1	-1	5	1	-1	-1	1	1	1	-1	3	1	-1	-1	3	1	-1	-1	5	1	-1	-1	3	1	1	-1	5	1	-1	-1	1	1	-1	-1	3	1	-1	-1	2	1	-1	-1	4	1	-1	-1	1	1	-1	-1	2	1	1	-1	3	1	1	-1	4	1	1	-1	2	1	1	-1	3	1	-1	-1	3	1	-1	-1	5	1	-1	-1	1	1	-1	-1	3	1	-1	-1	0	1	-1	-1	2	1	-1	-1	4	1	-1	-1	0	1	1	-1	3	1	1	-1	4	1	-1	1	1	1	-1	-1	0	1	-1	-1	4	1	-1	-1	1	1	-1	0	2	1	-1	1	2	1	1	-1	4	1	-1	-1	1	1	-1	2	2	1	-1	3	2	1	-1	0	3	1	-1	1	1	1	-1	-1	0	1	-1	2	3	1	-1	3	2	1	-1	-1	1	1	1	-1	5	1	-1	-1	3	1	-1	-1	5	1	-1	2	2	1	-1	3	1	1	-1	-1	1	1	-1	-1	3	1	1	-1	5	1	1	-1	0	1	1	-1	3	1	-1	-1	1	1	-1	-1	5	1	-1	-1	0	1	-1	-1	2	1	-1	0	5	1	1	-1	4	1	1	-1	1	1	1	-1	5	1	1	-1	2	1	-1	-1	4	1	-1	-1	3	1	-1	0	2	1	-1	1	3	1	-1	2	4	1	1	-1	5	1	1	-1	1	1	1	-1	5	1	1	-1	2	1	1	-1	3	1	-1	-1	1	1	-1	2	2	1	-1	3	2	1	1	-1	0	1	1	-1	1	1	1	-1	4	1	1	-1	
41	5-4-4-4
43	1-1-0-1
42	47100	3	4	1	1	-1	3	1	-1	-1	3	1	-1	-1	5	1	-1	-1	2	1	1	-1	3	1	-1	-1	3	1	-1	-1	5	1	-1	-1	3	1	1	-1	5	1	-1	-1	1	1	-1	-1	5	1	-1	-1	5	1	-1	-1	1	1	-1	-1	1	1	-1	-1	2	1	1	-1	3	1	1	-1	4	1	1	-1	2	1	1	-1	3	1	-1	-1	3	1	-1	-1	2	1	-1	-1	4	1	-1	-1	3	1	-1	-1	0	1	-1	-1	2	1	-1	-1	4	1	-1	-1	0	1	1	-1	3	1	1	-1	3	1	-1	1	5	1	-1	-1	1	1	-1	-1	4	1	-1	-1	1	1	-1	0	2	1	-1	1	2	1	1	-1	4	1	-1	-1	1	1	-1	2	4	1	-1	3	1	1	-1	0	0	1	-1	1	1	1	-1	-1	0	1	-1	2	3	1	-1	3	2	1	-1	-1	1	1	1	-1	5	1	-1	-1	3	1	-1	-1	5	1	-1	2	3	1	-1	3	1	1	-1	-1	1	1	-1	-1	3	1	1	-1	5	1	1	-1	0	1	1	-1	3	1	-1	-1	1	1	-1	-1	5	1	-1	-1	0	1	-1	-1	2	1	-1	0	5	1	1	-1	4	1	1	-1	1	1	1	-1	5	1	1	-1	2	1	-1	-1	4	1	-1	-1	3	1	-1	0	2	1	-1	1	3	1	-1	2	4	1	1	-1	5	1	1	-1	1	1	1	-1	5	1	1	-1	2	1	1	-1	3	1	-1	-1	1	1	-1	2	2	1	-1	3	2	1	1	-1	0	1	1	-1	1	1	1	-1	4	1	1	-1	
