1	4-3-4-2
0	0	0	4	1	1	-1	3	1	1	-1	2	1	1	-1	0	1	1	-1	0	1	1	-1	3	1	1	-1	0	1	1	-1	1	1	1	-1	1	1	1	-1	1	1	1	-1	1	1	1	-1	5	1	1	-1	4	1	1	-1	1	1	1	-1	1	1	1	-1	5	1	1	-1	0	1	1	-1	5	1	1	-1	3	1	1	-1	4	1	1	-1	1	1	1	-1	5	1	1	-1	4	1	1	-1	5	1	1	-1	1	1	1	-1	4	1	1	-1	1	1	1	-1	0	1	1	-1	5	1	1	-1	2	1	1	-1	4	1	1	-1	3	1	1	-1	1	1	1	-1	3	1	1	-1	0	1	1	-1	5	1	1	-1	4	1	1	-1	2	1	1	-1	0	1	1	-1	5	1	1	-1	3	1	1	-1	4	1	1	-1	3	1	1	-1	1	1	1	-1	1	1	1	-1	2	1	1	-1	4	1	1	-1	5	1	1	-1	0	1	1	-1	2	1	1	-1	1	1	1	-1	4	1	1	-1	5	1	1	-1	4	1	1	-1	5	1	1	-1	4	1	1	-1	5	1	1	-1	5	1	1	-1	2	1	1	-1	0	1	1	-1	4	1	1	-1	0	1	1	-1	5	1	1	-1	1	1	1	-1	1	1	1	-1	0	1	1	-1	0	1	1	-1	3	1	1	-1	1	1	1	-1	2	1	1	-1	1	1	1	-1	3	1	1	-1	5	1	1	-1	4	1	1	-1	4	1	1	-1	1	1	1	-1	1	1	1	-1	2	1	1	-1	4	1	1	-1	4	1	1	-1	1	1	1	-1	
3	2-6-2-5
2	300	0	4	1	1	-1	3	1	1	-1	4	1	1	-1	0	1	1	-1	0	1	1	-1	3	1	1	-1	0	1	1	-1	1	1	1	-1	1	1	1	-1	1	1	1	-1	1	1	1	-1	5	1	1	-1	4	1	1	-1	1	1	1	-1	1	1	1	-1	5	1	1	-1	0	1	1	-1	5	1	1	-1	3	1	1	-1	4	1	1	-1	0	1	1	-1	5	1	1	-1	4	1	1	-1	5	1	1	-1	1	1	1	-1	4	1	1	-1	1	1	1	-1	0	1	1	-1	5	1	1	-1	2	1	1	-1	4	1	1	-1	3	1	1	-1	1	1	1	-1	3	1	1	-1	0	1	1	-1	5	1	1	-1	4	1	1	-1	2	1	1	-1	5	1	-1	-1	0	1	1	-1	3	1	1	-1	4	1	1	-1	3	1	1	-1	1	1	1	-1	1	1	1	-1	2	1	1	-1	4	1	1	-1	1	1	-1	-1	0	1	1	-1	2	1	1	-1	1	1	1	-1	4	1	1	-1	5	1	1	-1	4	1	1	-1	5	1	1	-1	4	1	1	-1	2	1	-1	-1	5	1	1	-1	2	1	1	-1	0	1	1	-1	4	1	1	-1	0	1	1	-1	5	1	1	-1	1	1	1	-1	1	1	1	-1	0	1	1	-1	0	1	1	-1	3	1	1	-1	1	1	1	-1	2	1	1	-1	1	1	1	-1	3	1	1	-1	5	1	1	-1	4	1	1	-1	4	1	1	-1	1	1	1	-1	1	1	1	-1	2	1	1	-1	4	1	1	-1	4	1	1	-1	1	1	1	-1	
4	2100	0	4	1	1	-1	3	1	1	-1	4	1	1	-1	2	1	1	-1	4	1	1	-1	4	1	1	-1	0	1	1	-1	1	1	1	-1	1	1	1	-1	1	1	1	-1	1	1	1	-1	5	1	1	-1	0	1	1	-1	3	1	1	-1	3	1	-1	-1	0	1	1	-1	0	1	1	-1	5	1	1	-1	3	1	1	-1	4	1	1	-1	0	1	1	-1	4	1	1	-1	0	1	1	-1	4	1	-1	0	5	1	1	-1	4	1	1	-1	1	1	1	-1	0	1	1	-1	5	1	1	-1	2	1	1	-1	5	1	-1	-1	1	1	-1	-1	2	1	-1	2	5	1	-1	3	0	1	1	-1	5	1	1	-1	4	1	1	-1	2	1	1	-1	5	1	-1	-1	0	1	1	-1	3	1	1	-1	4	1	1	-1	3	1	1	-1	1	1	1	-1	1	1	1	-1	2	1	1	-1	4	1	1	-1	1	1	-1	-1	0	1	1	-1	2	1	1	-1	1	1	1	-1	4	1	1	-1	5	1	1	-1	4	1	1	-1	5	1	1	-1	4	1	1	-1	2	1	-1	-1	5	1	1	-1	2	1	1	-1	0	1	1	-1	4	1	1	-1	0	1	1	-1	5	1	1	-1	1	1	1	-1	1	1	1	-1	0	1	1	-1	0	1	1	-1	3	1	1	-1	1	1	1	-1	2	1	1	-1	1	1	1	-1	3	1	1	-1	5	1	1	-1	4	1	1	-1	4	1	1	-1	1	1	1	-1	1	1	1	-1	2	1	1	-1	4	1	1	-1	4	1	1	-1	1	1	1	-1	
5	7-5-8-5
7	8-5-7-5
6	15800	0	1	1	1	-1	5	1	-1	-1	3	1	1	-1	4	1	1	-1	2	1	-1	-1	5	1	-1	-1	0	1	-1	0	5	1	-1	1	1	1	-1	-1	1	1	-1	-1	2	1	-1	-1	4	1	1	-1	2	1	1	-1	4	1	1	-1	0	1	-1	-1	0	1	1	-1	1	1	1	-1	3	1	1	-1	4	1	1	-1	4	1	-1	-1	5	1	1	-1	0	1	1	-1	4	1	1	-1	4	1	-1	0	5	1	1	-1	4	1	1	-1	5	1	-1	1	3	1	1	-1	0	1	1	-1	0	1	1	-1	4	1	-1	-1	3	1	-1	-1	3	1	-1	2	5	1	-1	3	0	1	1	-1	4	1	1	-1	0	1	1	-1	3	1	1	-1	2	1	-1	-1	5	1	1	-1	0	1	-1	0	4	1	1	-1	3	1	1	-1	4	1	-1	-1	5	1	-1	-1	4	1	1	-1	3	1	1	-1	5	1	-1	-1	0	1	1	-1	3	1	1	-1	2	1	1	-1	4	1	1	-1	0	1	1	-1	5	1	1	-1	2	1	1	-1	4	1	-1	-1	2	1	-1	-1	0	1	1	-1	2	1	1	-1	4	1	-1	-1	4	1	1	-1	5	1	1	-1	4	1	1	-1	5	1	-1	-1	5	1	-1	-1	0	1	1	-1	5	1	1	-1	2	1	1	-1	0	1	1	-1	2	1	1	-1	0	1	-1	-1	5	1	1	-1	5	1	1	-1	2	1	-1	-1	4	1	1	-1	0	1	-1	-1	3	1	-1	-1	2	1	-1	-1	4	1	1	-1	4	1	1	-1	3	1	-1	-1	
8	32000	1	1	1	1	-1	0	1	-1	-1	3	1	1	-1	5	1	1	-1	1	1	-1	-1	5	1	-1	-1	1	1	-1	0	3	1	-1	1	1	1	-1	-1	1	1	-1	-1	5	1	-1	-1	5	1	-1	-1	4	1	-1	-1	1	1	-1	-1	1	1	-1	-1	5	1	-1	2	5	1	-1	3	3	1	1	-1	4	1	1	-1	2	1	-1	-1	3	1	1	-1	5	1	1	-1	2	1	1	-1	5	1	-1	0	4	1	1	-1	4	1	1	-1	5	1	-1	1	3	1	1	-1	4	1	-1	-1	5	1	-1	-1	2	1	-1	-1	4	1	-1	-1	0	1	-1	2	3	1	-1	3	0	1	1	-1	4	1	1	-1	0	1	1	-1	3	1	1	-1	2	1	-1	-1	5	1	1	-1	3	1	-1	0	3	1	1	-1	0	1	1	-1	4	1	-1	-1	5	1	-1	-1	4	1	1	-1	3	1	1	-1	5	1	-1	-1	0	1	1	-1	0	1	1	-1	4	1	1	-1	0	1	1	-1	0	1	1	-1	5	1	1	-1	2	1	1	-1	4	1	-1	-1	2	1	-1	-1	0	1	1	-1	3	1	1	-1	2	1	-1	-1	5	1	-1	2	5	1	1	-1	4	1	1	-1	5	1	-1	-1	5	1	-1	-1	0	1	1	-1	5	1	1	-1	2	1	-1	-1	4	1	-1	-1	5	1	-1	-1	0	1	-1	-1	5	1	1	-1	5	1	1	-1	2	1	-1	-1	4	1	1	-1	0	1	-1	-1	3	1	-1	-1	0	1	-1	-1	3	1	-1	-1	4	1	1	-1	3	1	-1	-1	
9	7-3-7-2
11	7-8-6-8
10	33300	1	2	1	1	-1	4	1	-1	-1	1	1	1	-1	5	1	1	-1	1	1	-1	-1	5	1	-1	-1	1	1	-1	0	3	1	-1	1	1	1	-1	-1	1	1	-1	-1	4	1	-1	-1	5	1	-1	-1	3	1	-1	-1	1	1	-1	-1	1	1	-1	-1	5	1	-1	2	5	1	-1	3	3	1	1	-1	1	1	1	-1	0	1	-1	-1	3	1	-1	-1	3	1	-1	-1	2	1	1	-1	5	1	-1	0	4	1	1	-1	4	1	1	-1	5	1	-1	1	4	1	1	-1	2	1	-1	-1	3	1	-1	-1	5	1	-1	-1	4	1	-1	-1	0	1	-1	2	3	1	-1	3	0	1	1	-1	4	1	1	-1	3	1	1	-1	4	1	1	-1	5	1	-1	-1	4	1	1	-1	3	1	-1	0	3	1	1	-1	0	1	1	-1	4	1	-1	-1	5	1	-1	-1	0	1	1	-1	3	1	1	-1	2	1	-1	-1	5	1	-1	-1	0	1	1	-1	4	1	1	-1	0	1	1	-1	0	1	1	-1	5	1	1	-1	4	1	1	-1	3	1	-1	-1	5	1	-1	-1	2	1	-1	-1	3	1	1	-1	2	1	-1	-1	5	1	-1	2	5	1	1	-1	4	1	1	-1	2	1	-1	-1	4	1	-1	-1	2	1	-1	-1	5	1	-1	-1	2	1	-1	-1	4	1	-1	-1	5	1	-1	-1	0	1	-1	-1	5	1	1	-1	5	1	1	-1	2	1	-1	-1	4	1	1	-1	0	2	-1	-1	3	1	-1	-1	0	1	-1	-1	3	1	-1	-1	4	1	1	-1	3	1	-1	-1	
13	5-7-5-6
12	43600	2	2	1	1	-1	4	1	-1	-1	1	1	1	-1	5	1	1	-1	4	1	-1	-1	3	1	-1	-1	5	1	-1	0	0	1	-1	1	0	1	-1	-1	1	1	-1	-1	4	1	-1	-1	5	1	-1	-1	3	1	-1	-1	1	1	-1	-1	0	1	-1	-1	3	1	-1	2	4	1	-1	3	1	1	1	-1	1	1	1	-1	0	1	-1	-1	3	1	-1	-1	3	1	-1	-1	1	1	1	-1	5	1	-1	0	0	1	-1	1	3	1	-1	0	1	1	-1	1	4	1	1	-1	2	1	-1	-1	3	1	-1	-1	5	1	-1	-1	2	1	-1	-1	5	1	-1	2	0	1	-1	3	4	1	1	-1	3	1	1	-1	3	1	1	-1	4	1	1	-1	5	1	-1	-1	4	1	1	-1	4	1	-1	0	0	1	-1	1	4	1	-1	-1	0	1	-1	-1	5	1	-1	-1	0	1	1	-1	3	1	1	-1	2	1	-1	-1	5	1	-1	-1	0	1	1	-1	4	1	1	-1	0	1	1	-1	4	1	1	-1	4	1	-1	-1	4	1	1	-1	3	1	-1	-1	5	1	-1	-1	2	1	-1	-1	3	1	1	-1	2	1	-1	-1	0	1	-1	2	0	1	-1	3	5	4	-1	-1	2	1	-1	-1	4	1	-1	-1	2	1	-1	-1	5	1	-1	-1	2	1	-1	-1	4	1	-1	-1	5	1	-1	-1	0	1	-1	-1	4	1	1	-1	5	1	1	-1	2	1	-1	-1	4	1	1	-1	0	2	-1	-1	3	1	-1	-1	0	1	-1	-1	3	1	-1	-1	4	1	1	-1	3	1	-1	-1	
14	44000	2	2	1	1	-1	4	1	-1	-1	1	1	1	-1	5	1	1	-1	4	1	-1	-1	3	1	-1	-1	5	1	-1	0	0	1	-1	1	0	1	-1	-1	1	1	-1	-1	4	1	-1	-1	5	1	-1	-1	3	1	-1	-1	1	1	-1	-1	0	1	-1	-1	3	1	-1	2	3	1	-1	3	1	1	1	-1	1	1	1	-1	0	1	-1	-1	3	1	-1	-1	3	1	-1	-1	1	1	1	-1	5	1	-1	0	0	1	-1	1	0	1	-1	0	1	1	-1	1	4	1	1	-1	2	1	-1	-1	3	1	-1	-1	5	1	-1	-1	2	1	-1	-1	5	1	-1	2	0	1	-1	3	0	1	1	-1	3	1	1	-1	3	1	1	-1	4	1	1	-1	5	1	-1	-1	4	1	1	-1	4	1	-1	0	0	1	-1	1	4	1	-1	-1	4	1	-1	-1	5	1	-1	-1	0	1	1	-1	3	1	1	-1	2	1	-1	-1	5	1	-1	-1	0	1	1	-1	4	1	1	-1	4	1	1	-1	3	1	-1	1	4	1	-1	-1	4	1	1	-1	3	1	-1	-1	5	1	-1	-1	2	1	-1	-1	3	1	1	-1	2	1	-1	-1	0	1	-1	2	4	1	-1	3	5	4	-1	-1	2	1	-1	-1	4	1	-1	-1	2	1	-1	-1	5	1	-1	-1	2	1	-1	-1	4	1	-1	-1	5	1	-1	-1	0	2	-1	-1	4	1	1	-1	5	1	1	-1	2	1	-1	-1	4	1	1	-1	0	2	-1	-1	3	1	-1	-1	0	1	-1	-1	3	1	-1	-1	4	1	1	-1	3	1	-1	-1	
15	5-8-5-7
16	48500	3	2	1	1	-1	4	1	-1	-1	1	1	1	-1	5	1	1	-1	4	1	-1	-1	3	1	-1	-1	0	1	-1	0	5	1	-1	1	0	1	-1	-1	1	1	-1	-1	4	1	-1	-1	5	1	-1	-1	3	1	-1	-1	1	1	-1	-1	3	1	-1	-1	5	1	-1	2	4	1	-1	3	1	1	1	-1	1	1	1	-1	0	1	-1	-1	3	1	-1	-1	3	1	-1	-1	1	1	1	-1	0	1	-1	0	3	1	-1	1	0	1	-1	0	1	1	-1	1	4	1	1	-1	2	1	-1	-1	3	1	-1	-1	5	1	-1	-1	2	1	-1	-1	5	1	-1	2	0	1	-1	3	3	1	1	-1	3	1	1	-1	3	1	1	-1	4	1	1	-1	5	1	-1	-1	4	1	1	-1	4	1	-1	0	5	1	-1	1	0	1	-1	-1	0	1	-1	-1	5	1	-1	-1	0	1	1	-1	3	1	1	-1	2	1	-1	-1	5	1	-1	-1	0	1	1	-1	0	1	-1	3	4	1	-1	0	0	1	-1	1	3	1	-1	-1	4	1	1	-1	3	1	-1	-1	5	1	-1	-1	2	1	-1	-1	3	1	1	-1	2	1	-1	-1	0	1	-1	2	4	4	-1	3	5	4	-1	-1	2	1	-1	-1	4	1	-1	-1	2	1	-1	-1	5	1	-1	-1	2	1	-1	-1	4	1	-1	-1	5	1	-1	-1	0	2	-1	-1	4	1	1	-1	5	1	1	-1	2	1	-1	-1	4	1	1	-1	0	2	-1	-1	3	1	-1	-1	0	1	-1	-1	3	1	-1	-1	4	1	1	-1	3	1	-1	-1	
17	3-7-3-6
18	48900	3	2	1	1	-1	4	1	-1	-1	1	1	1	-1	5	1	1	-1	4	1	-1	-1	3	1	-1	-1	0	1	-1	0	1	1	-1	1	0	1	-1	-1	1	1	-1	-1	4	1	-1	-1	5	1	-1	-1	3	1	-1	-1	1	1	-1	-1	3	1	-1	-1	5	1	-1	2	5	1	-1	3	1	1	1	-1	1	1	1	-1	0	1	-1	-1	3	1	-1	-1	3	1	-1	-1	1	1	1	-1	0	1	-1	0	3	1	-1	1	4	1	-1	0	1	1	-1	1	4	1	1	-1	2	1	-1	-1	3	1	-1	-1	5	1	-1	-1	2	1	-1	-1	5	1	-1	2	3	1	-1	3	5	1	-1	2	3	1	1	-1	3	1	1	-1	4	1	1	-1	5	1	-1	-1	4	1	1	-1	4	1	-1	0	5	1	-1	1	0	1	-1	-1	4	1	-1	-1	5	1	-1	-1	0	1	1	-1	3	1	1	-1	2	1	-1	-1	5	1	-1	-1	0	1	1	-1	0	1	-1	3	4	1	-1	0	0	2	-1	1	3	1	-1	-1	4	1	1	-1	3	1	-1	-1	5	1	-1	-1	2	1	-1	-1	3	1	1	-1	2	1	-1	-1	0	1	-1	2	4	4	-1	3	5	4	-1	-1	2	1	-1	-1	4	1	-1	-1	2	1	-1	-1	5	1	-1	-1	2	1	-1	-1	4	1	-1	-1	5	1	-1	-1	0	2	-1	-1	4	1	1	-1	5	1	1	-1	2	1	-1	-1	4	1	1	-1	0	2	-1	-1	3	1	-1	-1	0	1	-1	-1	3	1	-1	-1	4	1	1	-1	3	1	-1	-1	
19	5-7-5-6
21	-1--1--1--1
20	192000	5	2	1	1	-1	4	1	-1	-1	1	1	1	-1	5	1	1	-1	4	1	-1	-1	3	1	-1	-1	0	1	-1	0	1	1	-1	1	0	1	-1	-1	1	1	-1	-1	4	1	-1	-1	5	1	-1	-1	3	1	-1	-1	1	1	-1	-1	3	1	-1	-1	5	1	-1	2	5	1	-1	3	1	1	1	-1	1	1	1	-1	0	1	-1	-1	3	1	-1	-1	3	1	-1	-1	1	1	1	-1	0	1	-1	0	3	1	-1	1	4	1	-1	0	1	1	-1	1	4	1	1	-1	2	1	-1	-1	3	1	-1	-1	5	1	-1	-1	2	1	-1	-1	5	1	-1	2	3	1	-1	3	5	1	-1	2	3	1	-1	3	3	1	1	-1	4	1	1	-1	5	1	-1	-1	4	1	1	-1	4	1	-1	0	5	1	-1	1	0	1	-1	-1	4	1	-1	-1	5	1	-1	-1	0	1	-1	-1	3	1	-1	-1	2	1	-1	-1	5	1	-1	-1	0	1	-1	2	0	1	-1	3	4	1	-1	0	0	2	-1	1	3	1	-1	-1	4	1	1	-1	3	1	-1	-1	5	1	-1	-1	2	1	-1	-1	3	1	1	-1	2	1	-1	-1	0	1	-1	2	4	4	-1	3	5	4	-1	-1	2	1	-1	-1	4	1	-1	-1	2	1	-1	-1	5	1	-1	-1	2	1	-1	-1	4	1	-1	-1	5	1	-1	-1	0	2	-1	-1	4	1	-1	-1	5	1	1	-1	2	1	-1	-1	4	1	1	-1	0	2	-1	-1	3	1	-1	-1	0	1	-1	-1	3	1	-1	-1	4	1	-1	-1	3	1	-1	-1	
