Preamble
===============================================================================
t = gem type
bt = bonus type
i = ice layer
mp = medal portion
mu = medals uncovered
s = score
a = action
tmo = total moves
tme = total medals
r = row
c = columns
-------------------------------------------------------------------------------
tmo	tme	r	c
===============================================================================
26	3	9	9
-------------------------------------------------------------------------------

Key for state and progress information.
2 lines represent a state-action pair:
t	bt	i	mp	t	bt	i	mp	t	bt	i	mp	t	bt	i	mp	t	bt	i	mp	t	bt	i	mp	t	bt	i	mp	t	bt	i	mp	t	bt	i	mp	t	bt	i	mp	t	bt	i	mp	t	bt	i	mp	t	bt	i	mp	t	bt	i	mp	t	bt	i	mp	t	bt	i	mp	t	bt	i	mp	t	bt	i	mp	t	bt	i	mp	t	bt	i	mp	t	bt	i	mp	t	bt	i	mp	t	bt	i	mp	t	bt	i	mp	t	bt	i	mp	t	bt	i	mp	t	bt	i	mp	t	bt	i	mp	t	bt	i	mp	t	bt	i	mp	t	bt	i	mp	t	bt	i	mp	t	bt	i	mp	t	bt	i	mp	t	bt	i	mp	t	bt	i	mp	t	bt	i	mp	t	bt	i	mp	t	bt	i	mp	t	bt	i	mp	t	bt	i	mp	t	bt	i	mp	t	bt	i	mp	t	bt	i	mp	t	bt	i	mp	t	bt	i	mp	t	bt	i	mp	t	bt	i	mp	t	bt	i	mp	t	bt	i	mp	t	bt	i	mp	t	bt	i	mp	t	bt	i	mp	t	bt	i	mp	t	bt	i	mp	t	bt	i	mp	t	bt	i	mp	t	bt	i	mp	t	bt	i	mp	t	bt	i	mp	t	bt	i	mp	t	bt	i	mp	t	bt	i	mp	t	bt	i	mp	t	bt	i	mp	t	bt	i	mp	t	bt	i	mp	t	bt	i	mp	t	bt	i	mp	t	bt	i	mp	t	bt	i	mp	t	bt	i	mp	t	bt	i	mp	t	bt	i	mp	t	bt	i	mp	t	bt	i	mp	t	bt	i	mp	t	bt	i	mp	t	bt	i	mp	t	bt	i	mp	t	bt	i	mp	
===============================================================================
mu	s	a
===============================================================================

2	0	-1	-1	2	0	-1	-1	0	0	-1	-1	2	0	-1	-1	2	0	-1	-1	3	0	-1	-1	1	0	-1	-1	5	0	-1	-1	5	0	-1	-1	3	0	-1	-1	5	0	-1	-1	5	0	-1	-1	0	0	-1	-1	1	0	-1	-1	0	0	-1	-1	1	0	-1	-1	3	0	-1	-1	5	0	-1	-1	4	0	-1	-1	0	0	-1	-1	1	0	-1	-1	3	0	-1	-1	0	0	-1	-1	4	0	-1	-1	3	0	-1	-1	2	0	-1	-1	3	0	-1	-1	2	0	-1	-1	1	0	-1	-1	0	0	-1	-1	3	0	-1	-1	3	0	-1	-1	5	0	-1	-1	1	0	-1	-1	2	0	-1	-1	3	0	-1	-1	1	0	0	-1	5	0	0	-1	4	0	0	-1	5	0	0	-1	2	0	0	-1	2	0	0	-1	1	0	0	-1	0	0	0	-1	0	0	0	-1	1	0	0	-1	4	0	0	-1	1	0	0	-1	1	0	0	-1	2	0	0	-1	2	0	0	-1	0	0	0	-1	4	0	0	-1	5	0	0	-1	2	0	0	-1	0	0	0	-1	4	0	0	-1	3	0	0	-1	1	0	0	-1	0	0	0	-1	3	0	0	-1	0	0	0	-1	0	0	0	-1	3	0	0	-1	3	0	0	-1	0	0	0	-1	3	1	0	-1	3	0	0	-1	2	0	0	-1	1	0	0	-1	4	0	0	-1	1	0	0	-1	3	0	0	-1	1	0	0	-1	5	0	0	-1	5	0	0	-1	3	0	0	-1	0	0	0	-1	5	0	0	-1	3	0	0	-1	3	0	0	-1	
0	0	6-5-7-5
2	0	-1	-1	2	0	-1	-1	0	0	-1	-1	5	0	-1	-1	3	0	-1	-1	2	0	-1	-1	1	0	-1	-1	5	0	-1	-1	5	0	-1	-1	3	0	-1	-1	5	0	-1	-1	5	0	-1	-1	2	0	-1	-1	2	0	-1	-1	5	0	-1	-1	1	0	-1	-1	3	0	-1	-1	5	0	-1	-1	4	0	-1	-1	0	0	-1	-1	1	0	-1	-1	0	0	-1	-1	1	0	-1	-1	4	0	-1	-1	3	0	-1	-1	2	0	-1	-1	3	0	-1	-1	2	0	-1	-1	1	0	-1	-1	0	0	-1	-1	3	0	-1	-1	0	0	-1	-1	5	0	-1	-1	1	0	-1	-1	2	0	-1	-1	3	0	-1	-1	1	0	0	-1	5	0	0	-1	4	0	0	-1	5	0	0	-1	2	0	0	-1	0	0	-1	-1	1	0	0	-1	0	0	0	-1	0	0	0	-1	1	0	0	-1	4	0	0	-1	1	0	0	-1	1	0	0	-1	2	0	0	-1	4	0	-1	0	0	0	0	-1	4	0	0	-1	5	0	0	-1	2	0	0	-1	0	0	0	-1	4	0	0	-1	3	0	0	-1	1	0	0	-1	5	0	-1	2	3	0	0	-1	0	0	0	-1	0	0	0	-1	3	0	0	-1	3	0	0	-1	0	0	0	-1	3	1	0	-1	3	0	0	-1	0	0	0	-1	1	0	0	-1	4	0	0	-1	1	0	0	-1	3	0	0	-1	1	0	0	-1	5	0	0	-1	5	0	0	-1	3	0	0	-1	0	0	0	-1	5	0	0	-1	3	0	0	-1	3	0	0	-1	
0	2400	5-1-5-0
2	0	-1	-1	1	0	-1	-1	0	0	-1	-1	1	0	-1	-1	3	0	-1	-1	2	0	-1	-1	1	0	-1	-1	5	0	-1	-1	5	0	-1	-1	3	0	-1	-1	2	0	-1	-1	0	0	-1	-1	5	0	-1	-1	2	0	-1	-1	5	0	-1	-1	1	0	-1	-1	3	0	-1	-1	5	0	-1	-1	4	0	-1	-1	5	0	-1	-1	5	0	-1	-1	2	0	-1	-1	1	0	-1	-1	4	0	-1	-1	3	0	-1	-1	2	0	-1	-1	3	0	-1	-1	2	0	-1	-1	0	0	-1	-1	1	0	-1	-1	0	0	-1	-1	0	0	-1	-1	5	0	-1	-1	1	0	-1	-1	2	0	-1	-1	3	0	-1	-1	1	0	0	-1	1	0	0	-1	0	0	0	-1	3	0	0	-1	2	0	0	-1	0	0	-1	-1	1	0	0	-1	0	0	0	-1	0	0	0	-1	4	0	0	-1	5	0	-1	-1	4	0	-1	0	5	0	-1	1	2	0	0	-1	4	0	-1	0	0	0	0	-1	4	0	0	-1	5	0	0	-1	2	0	0	-1	0	0	0	-1	4	0	0	-1	3	0	0	-1	1	0	0	-1	5	0	-1	2	3	0	0	-1	0	0	0	-1	0	0	0	-1	3	0	0	-1	3	0	0	-1	0	0	0	-1	3	1	0	-1	3	0	0	-1	0	0	0	-1	1	0	0	-1	4	0	0	-1	1	0	0	-1	3	0	0	-1	1	0	0	-1	5	0	0	-1	5	0	0	-1	3	0	0	-1	0	0	0	-1	5	0	0	-1	3	0	0	-1	3	0	0	-1	
0	3000	3-2-3-1
2	0	-1	-1	1	0	-1	-1	2	0	-1	-1	5	0	-1	-1	4	0	-1	-1	2	0	-1	-1	1	0	-1	-1	5	0	-1	-1	5	0	-1	-1	3	0	-1	-1	2	0	-1	-1	0	0	-1	-1	1	0	-1	-1	3	0	-1	-1	5	0	-1	-1	1	0	-1	-1	3	0	-1	-1	5	0	-1	-1	4	0	-1	-1	5	0	-1	-1	0	0	-1	-1	5	0	-1	-1	2	0	-1	-1	4	0	-1	-1	3	0	-1	-1	2	0	-1	-1	3	0	-1	-1	2	0	-1	-1	1	0	-1	-1	5	0	-1	-1	2	0	-1	-1	1	0	-1	-1	5	0	-1	-1	1	0	-1	-1	2	0	-1	-1	3	0	-1	-1	1	0	0	-1	1	0	0	-1	0	0	0	-1	3	0	0	-1	2	0	0	-1	0	0	-1	-1	1	0	0	-1	0	0	0	-1	0	0	0	-1	4	0	0	-1	5	0	-1	-1	4	0	-1	0	5	0	-1	1	2	0	0	-1	4	0	-1	0	0	0	0	-1	4	0	0	-1	5	0	0	-1	2	0	0	-1	0	0	0	-1	4	0	0	-1	3	0	0	-1	1	0	0	-1	5	0	-1	2	3	0	0	-1	0	0	0	-1	0	0	0	-1	3	0	0	-1	3	0	0	-1	0	0	0	-1	3	1	0	-1	3	0	0	-1	0	0	0	-1	1	0	0	-1	4	0	0	-1	1	0	0	-1	3	0	0	-1	1	0	0	-1	5	0	0	-1	5	0	0	-1	3	0	0	-1	0	0	0	-1	5	0	0	-1	3	0	0	-1	3	0	0	-1	
0	3600	3-2-4-2
2	0	-1	-1	1	0	-1	-1	4	0	-1	-1	5	0	-1	-1	4	0	-1	-1	2	0	-1	-1	1	0	-1	-1	5	0	-1	-1	5	0	-1	-1	3	0	-1	-1	2	0	-1	-1	2	0	-1	-1	1	0	-1	-1	3	0	-1	-1	5	0	-1	-1	1	0	-1	-1	3	0	-1	-1	5	0	-1	-1	4	0	-1	-1	5	0	-1	-1	4	0	-1	-1	5	0	-1	-1	2	0	-1	-1	4	0	-1	-1	3	0	-1	-1	2	0	-1	-1	3	0	-1	-1	2	0	-1	-1	1	0	-1	-1	2	0	-1	-1	2	0	-1	-1	1	0	-1	-1	5	0	-1	-1	1	0	-1	-1	2	0	-1	-1	3	0	-1	-1	1	0	0	-1	1	0	0	-1	5	0	0	-1	3	0	0	-1	2	0	0	-1	0	0	-1	-1	1	0	0	-1	0	0	0	-1	0	0	0	-1	4	0	0	-1	5	0	-1	-1	4	0	-1	0	5	0	-1	1	2	0	0	-1	4	0	-1	0	0	0	0	-1	4	0	0	-1	5	0	0	-1	2	0	0	-1	0	0	0	-1	4	0	0	-1	3	0	0	-1	1	0	0	-1	5	0	-1	2	3	0	0	-1	0	0	0	-1	0	0	0	-1	3	0	0	-1	3	0	0	-1	0	0	0	-1	3	1	0	-1	3	0	0	-1	0	0	0	-1	1	0	0	-1	4	0	0	-1	1	0	0	-1	3	0	0	-1	1	0	0	-1	5	0	0	-1	5	0	0	-1	3	0	0	-1	0	0	0	-1	5	0	0	-1	3	0	0	-1	3	0	0	-1	
0	4800	2-6-3-6
2	0	-1	-1	1	0	-1	-1	4	0	-1	-1	5	0	-1	-1	4	0	-1	-1	2	0	-1	-1	1	0	-1	-1	5	0	-1	-1	5	0	-1	-1	3	0	-1	-1	2	0	-1	-1	2	0	-1	-1	1	0	-1	-1	3	0	-1	-1	5	0	-1	-1	1	0	-1	-1	3	0	-1	-1	5	0	-1	-1	4	0	-1	-1	5	0	-1	-1	4	0	-1	-1	5	0	-1	-1	2	0	-1	-1	4	0	-1	-1	5	0	-1	-1	2	0	-1	-1	3	0	-1	-1	2	0	-1	-1	1	0	-1	-1	2	0	-1	-1	2	0	-1	-1	1	0	-1	-1	5	0	-1	-1	3	0	-1	-1	2	0	-1	-1	3	0	-1	-1	1	0	0	-1	1	0	0	-1	5	0	0	-1	3	0	0	-1	2	0	0	-1	0	0	-1	-1	1	0	0	-1	0	0	0	-1	0	0	0	-1	4	0	0	-1	5	0	-1	-1	4	0	-1	0	5	0	-1	1	2	0	0	-1	4	0	-1	0	0	0	0	-1	4	0	0	-1	5	0	0	-1	2	0	0	-1	0	0	0	-1	4	0	0	-1	3	0	0	-1	1	0	0	-1	5	0	-1	2	3	0	0	-1	0	0	0	-1	0	0	0	-1	3	0	0	-1	3	0	0	-1	0	0	0	-1	3	1	0	-1	3	0	0	-1	0	0	0	-1	1	0	0	-1	4	0	0	-1	1	0	0	-1	3	0	0	-1	1	0	0	-1	5	0	0	-1	5	0	0	-1	3	0	0	-1	0	0	0	-1	5	0	0	-1	3	0	0	-1	3	0	0	-1	
0	6000	5-3-4-3
2	0	-1	-1	1	0	-1	-1	4	0	-1	-1	3	0	-1	-1	4	0	-1	-1	2	0	-1	-1	1	0	-1	-1	5	0	-1	-1	5	0	-1	-1	3	0	-1	-1	2	0	-1	-1	2	0	-1	-1	3	0	-1	-1	3	0	-1	-1	5	0	-1	-1	1	0	-1	-1	3	0	-1	-1	5	0	-1	-1	4	0	-1	-1	5	0	-1	-1	4	0	-1	-1	0	0	-1	-1	2	0	-1	-1	4	0	-1	-1	5	0	-1	-1	2	0	-1	-1	3	0	-1	-1	2	0	-1	-1	1	0	-1	-1	2	0	-1	-1	0	0	-1	-1	1	0	-1	-1	5	0	-1	-1	3	0	-1	-1	2	0	-1	-1	3	0	-1	-1	1	0	0	-1	1	0	0	-1	5	0	0	-1	2	0	-1	-1	2	0	0	-1	0	0	-1	-1	1	0	0	-1	0	0	0	-1	0	0	0	-1	4	0	0	-1	5	0	-1	-1	4	0	-1	0	1	0	-1	1	2	0	0	-1	4	0	-1	0	0	0	0	-1	4	0	0	-1	5	0	0	-1	2	0	0	-1	0	0	0	-1	4	0	0	-1	1	0	-1	3	1	0	0	-1	5	0	-1	2	3	0	0	-1	0	0	0	-1	0	0	0	-1	3	0	0	-1	3	0	0	-1	0	0	0	-1	5	0	-1	-1	3	0	0	-1	0	0	0	-1	1	0	0	-1	4	0	0	-1	1	0	0	-1	3	0	0	-1	1	0	0	-1	5	0	0	-1	4	0	-1	-1	3	0	0	-1	0	0	0	-1	5	0	0	-1	3	0	0	-1	3	0	0	-1	
0	17000	1-0-0-0
2	0	-1	-1	1	0	-1	-1	2	0	-1	-1	3	0	-1	-1	4	0	-1	-1	2	0	-1	-1	1	0	-1	-1	5	0	-1	-1	5	0	-1	-1	3	0	-1	-1	1	0	-1	-1	4	0	-1	-1	3	0	-1	-1	3	0	-1	-1	5	0	-1	-1	1	0	-1	-1	3	0	-1	-1	5	0	-1	-1	4	0	-1	-1	5	0	-1	-1	4	0	-1	-1	0	0	-1	-1	2	0	-1	-1	4	0	-1	-1	5	0	-1	-1	2	0	-1	-1	3	0	-1	-1	2	0	-1	-1	1	0	-1	-1	2	0	-1	-1	0	0	-1	-1	1	0	-1	-1	5	0	-1	-1	3	0	-1	-1	2	0	-1	-1	3	0	-1	-1	1	0	0	-1	1	0	0	-1	5	0	0	-1	2	0	-1	-1	2	0	0	-1	0	0	-1	-1	1	0	0	-1	0	0	0	-1	0	0	0	-1	4	0	0	-1	5	0	-1	-1	4	0	-1	0	1	0	-1	1	2	0	0	-1	4	0	-1	0	0	0	0	-1	4	0	0	-1	5	0	0	-1	2	0	0	-1	0	0	0	-1	4	0	0	-1	1	0	-1	3	1	0	0	-1	5	0	-1	2	3	0	0	-1	0	0	0	-1	0	0	0	-1	3	0	0	-1	3	0	0	-1	0	0	0	-1	5	0	-1	-1	3	0	0	-1	0	0	0	-1	1	0	0	-1	4	0	0	-1	1	0	0	-1	3	0	0	-1	1	0	0	-1	5	0	0	-1	4	0	-1	-1	3	0	0	-1	0	0	0	-1	5	0	0	-1	3	0	0	-1	3	0	0	-1	
0	17600	4-6-4-5
2	0	-1	-1	1	0	-1	-1	2	0	-1	-1	3	0	-1	-1	4	0	-1	-1	2	0	-1	-1	5	0	-1	-1	1	0	-1	-1	5	0	-1	-1	3	0	-1	-1	1	0	-1	-1	4	0	-1	-1	3	0	-1	-1	3	0	-1	-1	5	0	-1	-1	1	0	-1	-1	5	0	-1	-1	1	0	-1	-1	4	0	-1	-1	5	0	-1	-1	4	0	-1	-1	0	0	-1	-1	2	0	-1	-1	4	0	-1	-1	1	0	-1	-1	3	0	-1	-1	2	0	-1	-1	2	0	-1	-1	1	0	-1	-1	2	0	-1	-1	0	0	-1	-1	1	0	-1	-1	5	0	-1	-1	5	0	-1	-1	2	0	-1	-1	3	0	-1	-1	1	0	0	-1	1	0	0	-1	5	0	0	-1	2	0	-1	-1	2	0	0	-1	1	0	-1	-1	3	0	-1	-1	2	0	-1	-1	3	0	-1	-1	4	0	0	-1	5	0	-1	-1	4	0	-1	0	1	0	-1	1	2	0	0	-1	4	0	-1	0	0	0	0	-1	4	0	0	-1	5	0	0	-1	2	0	0	-1	0	0	0	-1	4	0	0	-1	1	0	-1	3	1	0	0	-1	5	0	-1	2	3	0	0	-1	0	0	0	-1	0	0	0	-1	3	0	0	-1	3	0	0	-1	0	0	0	-1	5	0	-1	-1	3	0	0	-1	0	0	0	-1	1	0	0	-1	4	0	0	-1	1	0	0	-1	3	0	0	-1	1	0	0	-1	5	0	0	-1	4	0	-1	-1	3	0	0	-1	0	0	0	-1	5	0	0	-1	3	0	0	-1	3	0	0	-1	
0	20600	1-6-0-6
2	0	-1	-1	1	0	-1	-1	2	0	-1	-1	3	0	-1	-1	4	0	-1	-1	4	0	-1	-1	3	0	-1	-1	5	0	-1	-1	4	0	-1	-1	3	0	-1	-1	1	0	-1	-1	4	0	-1	-1	3	0	-1	-1	3	0	-1	-1	2	0	-1	-1	3	0	-1	-1	1	0	-1	-1	5	0	-1	-1	4	0	-1	-1	5	0	-1	-1	4	0	-1	-1	0	0	-1	-1	2	0	-1	-1	4	0	-1	-1	1	0	-1	-1	3	0	-1	-1	2	0	-1	-1	2	0	-1	-1	1	0	-1	-1	2	0	-1	-1	0	0	-1	-1	1	0	-1	-1	5	0	-1	-1	5	0	-1	-1	2	0	-1	-1	3	0	-1	-1	1	0	0	-1	1	0	0	-1	5	0	0	-1	2	0	-1	-1	2	0	0	-1	1	0	-1	-1	3	0	-1	-1	2	0	-1	-1	3	0	-1	-1	4	0	0	-1	5	0	-1	-1	4	0	-1	0	1	0	-1	1	2	0	0	-1	4	0	-1	0	0	0	0	-1	4	0	0	-1	5	0	0	-1	2	0	0	-1	0	0	0	-1	4	0	0	-1	1	0	-1	3	1	0	0	-1	5	0	-1	2	3	0	0	-1	0	0	0	-1	0	0	0	-1	3	0	0	-1	3	0	0	-1	0	0	0	-1	5	0	-1	-1	3	0	0	-1	0	0	0	-1	1	0	0	-1	4	0	0	-1	1	0	0	-1	3	0	0	-1	1	0	0	-1	5	0	0	-1	4	0	-1	-1	3	0	0	-1	0	0	0	-1	5	0	0	-1	3	0	0	-1	3	0	0	-1	
0	22400	6-6-5-6
2	0	-1	-1	1	0	-1	-1	2	0	-1	-1	3	0	-1	-1	4	0	-1	-1	4	0	-1	-1	5	0	-1	-1	5	0	-1	-1	3	0	-1	-1	3	0	-1	-1	1	0	-1	-1	4	0	-1	-1	3	0	-1	-1	3	0	-1	-1	2	0	-1	-1	3	0	-1	-1	5	0	-1	-1	4	0	-1	-1	4	0	-1	-1	5	0	-1	-1	4	0	-1	-1	0	0	-1	-1	2	0	-1	-1	4	0	-1	-1	3	0	-1	-1	1	0	-1	-1	5	0	-1	-1	2	0	-1	-1	1	0	-1	-1	2	0	-1	-1	0	0	-1	-1	1	0	-1	-1	5	0	-1	-1	1	0	-1	-1	3	0	-1	-1	2	0	-1	-1	1	0	0	-1	1	0	0	-1	5	0	0	-1	2	0	-1	-1	2	0	0	-1	1	0	-1	-1	5	0	-1	-1	2	0	-1	-1	3	0	-1	-1	4	0	0	-1	5	0	-1	-1	4	0	-1	0	1	0	-1	1	2	0	0	-1	4	0	-1	0	3	0	0	-1	2	0	0	-1	3	0	0	-1	2	0	0	-1	0	0	0	-1	4	0	0	-1	1	0	-1	3	1	0	0	-1	5	0	-1	2	3	0	-1	3	4	0	-1	-1	5	0	-1	-1	3	0	0	-1	3	0	0	-1	0	0	0	-1	5	0	-1	-1	3	0	0	-1	0	0	0	-1	1	0	0	-1	4	0	0	-1	1	0	0	-1	3	0	0	-1	1	0	0	-1	5	0	0	-1	4	0	-1	-1	3	0	0	-1	0	0	0	-1	5	0	0	-1	3	0	0	-1	3	0	0	-1	
0	23000	3-5-4-5
2	0	-1	-1	1	0	-1	-1	2	0	-1	-1	3	0	-1	-1	4	0	-1	-1	3	0	-1	-1	2	0	-1	-1	5	0	-1	-1	3	0	-1	-1	3	0	-1	-1	1	0	-1	-1	4	0	-1	-1	3	0	-1	-1	5	0	-1	-1	4	0	-1	-1	5	0	-1	-1	5	0	-1	-1	4	0	-1	-1	4	0	-1	-1	5	0	-1	-1	4	0	-1	-1	0	0	-1	-1	3	0	-1	-1	2	0	-1	-1	3	0	-1	-1	1	0	-1	-1	5	0	-1	-1	2	0	-1	-1	1	0	-1	-1	2	0	-1	-1	0	0	-1	-1	5	0	-1	-1	4	0	-1	-1	3	0	-1	-1	3	0	-1	-1	2	0	-1	-1	1	0	0	-1	1	0	0	-1	5	0	0	-1	2	0	-1	-1	4	0	-1	-1	5	0	-1	-1	5	0	-1	-1	2	0	-1	-1	3	0	-1	-1	4	0	0	-1	5	0	-1	-1	4	0	-1	0	1	0	-1	1	3	0	-1	-1	4	0	-1	0	3	0	0	-1	2	0	0	-1	3	0	0	-1	2	0	0	-1	0	0	0	-1	4	0	0	-1	1	0	-1	3	1	0	0	-1	5	0	-1	2	3	0	-1	3	4	0	-1	-1	5	0	-1	-1	3	0	0	-1	3	0	0	-1	0	0	0	-1	5	0	-1	-1	3	0	0	-1	0	0	0	-1	1	0	0	-1	4	0	0	-1	1	0	0	-1	3	0	0	-1	1	0	0	-1	5	0	0	-1	4	0	-1	-1	3	0	0	-1	0	0	0	-1	5	0	0	-1	3	0	0	-1	3	0	0	-1	
0	26000	6-4-5-4
2	0	-1	-1	1	0	-1	-1	2	0	-1	-1	3	0	-1	-1	4	0	-1	-1	5	0	-1	-1	0	0	-1	-1	5	0	-1	-1	3	0	-1	-1	3	0	-1	-1	1	0	-1	-1	4	0	-1	-1	3	0	-1	-1	0	0	-1	-1	3	0	-1	-1	2	0	-1	-1	5	0	-1	-1	4	0	-1	-1	4	0	-1	-1	5	0	-1	-1	4	0	-1	-1	0	0	-1	-1	0	0	-1	-1	4	0	-1	-1	1	0	-1	-1	1	0	-1	-1	5	0	-1	-1	2	0	-1	-1	1	0	-1	-1	2	0	-1	-1	0	0	-1	-1	4	0	-1	-1	2	0	-1	-1	0	0	-1	-1	3	0	-1	-1	2	0	-1	-1	1	0	0	-1	1	0	0	-1	5	0	0	-1	2	0	-1	-1	4	0	-1	-1	4	0	-1	-1	2	0	-1	-1	2	0	-1	-1	3	0	-1	-1	4	0	0	-1	5	0	-1	-1	4	0	-1	0	1	0	-1	1	3	0	-1	-1	4	0	-1	0	5	0	-1	-1	2	0	0	-1	3	0	0	-1	2	0	0	-1	0	0	0	-1	4	0	0	-1	1	0	-1	3	5	0	-1	-1	5	0	-1	2	3	1	-1	3	4	0	-1	-1	5	0	-1	-1	3	0	0	-1	3	0	0	-1	0	0	0	-1	5	0	-1	-1	4	0	-1	0	0	0	0	-1	1	0	0	-1	4	0	0	-1	1	0	0	-1	3	0	0	-1	1	0	0	-1	5	0	0	-1	4	0	-1	-1	1	0	-1	2	0	0	0	-1	5	0	0	-1	3	0	0	-1	3	0	0	-1	
1	57200	6-6-5-6
2	0	-1	-1	1	0	-1	-1	2	0	-1	-1	3	0	-1	-1	0	0	-1	-1	4	0	-1	-1	5	0	-1	-1	5	0	-1	-1	3	0	-1	-1	3	0	-1	-1	1	0	-1	-1	4	0	-1	-1	3	0	-1	-1	4	0	-1	-1	5	0	-1	-1	0	0	-1	-1	5	0	-1	-1	4	0	-1	-1	4	0	-1	-1	5	0	-1	-1	4	0	-1	-1	0	0	-1	-1	0	0	-1	-1	3	0	-1	-1	2	0	-1	-1	1	0	-1	-1	5	0	-1	-1	2	0	-1	-1	1	0	-1	-1	2	0	-1	-1	0	0	-1	-1	0	0	-1	-1	4	0	-1	-1	1	0	-1	-1	3	0	-1	-1	2	0	-1	-1	1	0	0	-1	1	0	0	-1	5	0	0	-1	2	0	-1	-1	4	0	-1	-1	2	0	-1	-1	0	0	-1	-1	2	0	-1	-1	3	0	-1	-1	4	0	0	-1	5	0	-1	-1	4	0	-1	0	1	0	-1	1	4	0	-1	-1	4	0	-1	0	2	0	-1	-1	2	0	0	-1	3	0	0	-1	2	0	0	-1	0	0	0	-1	4	0	0	-1	1	0	-1	3	3	0	-1	-1	4	0	-1	2	3	1	-1	3	4	0	-1	-1	5	0	-1	-1	3	0	0	-1	3	0	0	-1	0	0	0	-1	5	0	-1	-1	4	0	-1	0	0	0	0	-1	1	0	0	-1	4	0	0	-1	1	0	0	-1	3	0	0	-1	1	0	0	-1	5	0	0	-1	4	0	-1	-1	1	0	-1	2	0	0	0	-1	5	0	0	-1	3	0	0	-1	3	0	0	-1	
1	57800	3-7-3-8
2	0	-1	-1	1	0	-1	-1	2	0	-1	-1	3	0	-1	-1	0	0	-1	-1	4	0	-1	-1	0	0	-1	-1	3	0	-1	-1	0	0	-1	-1	3	0	-1	-1	1	0	-1	-1	4	0	-1	-1	3	0	-1	-1	4	0	-1	-1	5	0	-1	-1	5	0	-1	-1	4	0	-1	-1	2	0	-1	-1	4	0	-1	-1	5	0	-1	-1	4	0	-1	-1	0	0	-1	-1	0	0	-1	-1	3	0	-1	-1	0	0	-1	-1	3	0	-1	-1	0	0	-1	-1	2	0	-1	-1	1	0	-1	-1	2	0	-1	-1	0	0	-1	-1	0	0	-1	-1	4	0	-1	-1	1	0	-1	-1	3	0	-1	-1	3	0	-1	-1	1	0	0	-1	1	0	0	-1	5	0	0	-1	2	0	-1	-1	4	0	-1	-1	2	0	-1	-1	0	0	-1	-1	2	0	-1	-1	4	0	-1	-1	4	0	0	-1	5	0	-1	-1	4	0	-1	0	1	0	-1	1	4	0	-1	-1	4	0	-1	0	2	0	-1	-1	1	0	-1	-1	5	0	-1	-1	2	0	0	-1	0	0	0	-1	4	0	0	-1	1	0	-1	3	3	0	-1	-1	4	0	-1	2	3	1	-1	3	4	0	-1	-1	5	0	-1	-1	3	0	0	-1	3	0	0	-1	0	0	0	-1	5	0	-1	-1	4	0	-1	0	0	0	0	-1	1	0	0	-1	4	0	0	-1	1	0	0	-1	3	0	0	-1	1	0	0	-1	5	0	0	-1	4	0	-1	-1	1	0	-1	2	0	0	0	-1	5	0	0	-1	3	0	0	-1	3	0	0	-1	
1	64400	1-7-0-7
2	0	-1	-1	1	0	-1	-1	2	0	-1	-1	3	0	-1	-1	0	0	-1	-1	4	0	-1	-1	0	0	-1	-1	1	0	-1	-1	0	0	-1	-1	3	0	-1	-1	1	0	-1	-1	4	0	-1	-1	3	0	-1	-1	4	0	-1	-1	5	0	-1	-1	5	0	-1	-1	4	0	-1	-1	2	0	-1	-1	4	0	-1	-1	5	0	-1	-1	4	0	-1	-1	0	0	-1	-1	0	0	-1	-1	3	0	-1	-1	0	0	-1	-1	3	0	-1	-1	0	0	-1	-1	2	0	-1	-1	1	0	-1	-1	2	0	-1	-1	0	0	-1	-1	0	0	-1	-1	4	0	-1	-1	1	0	-1	-1	4	0	-1	-1	3	0	-1	-1	1	0	0	-1	1	0	0	-1	5	0	0	-1	2	0	-1	-1	4	0	-1	-1	2	0	-1	-1	0	0	-1	-1	2	0	-1	-1	4	0	-1	-1	4	0	0	-1	5	0	-1	-1	4	0	-1	0	1	0	-1	1	4	0	-1	-1	4	0	-1	0	2	0	-1	-1	1	0	-1	-1	5	0	-1	-1	2	0	0	-1	0	0	0	-1	4	0	0	-1	1	0	-1	3	3	0	-1	-1	4	0	-1	2	3	1	-1	3	4	0	-1	-1	5	0	-1	-1	3	0	0	-1	3	0	0	-1	0	0	0	-1	5	0	-1	-1	4	0	-1	0	0	0	0	-1	1	0	0	-1	4	0	0	-1	1	0	0	-1	3	0	0	-1	1	0	0	-1	5	0	0	-1	4	0	-1	-1	1	0	-1	2	0	0	0	-1	5	0	0	-1	3	0	0	-1	3	0	0	-1	
1	65600	4-5-4-4
2	0	-1	-1	1	0	-1	-1	2	0	-1	-1	3	0	-1	-1	0	0	-1	-1	1	0	-1	-1	0	0	-1	-1	1	0	-1	-1	0	0	-1	-1	3	0	-1	-1	1	0	-1	-1	4	0	-1	-1	3	0	-1	-1	4	0	-1	-1	3	0	-1	-1	5	0	-1	-1	4	0	-1	-1	2	0	-1	-1	4	0	-1	-1	5	0	-1	-1	4	0	-1	-1	0	0	-1	-1	0	0	-1	-1	4	0	-1	-1	0	0	-1	-1	3	0	-1	-1	0	0	-1	-1	2	0	-1	-1	1	0	-1	-1	2	0	-1	-1	0	0	-1	-1	0	0	-1	-1	4	0	-1	-1	1	0	-1	-1	4	0	-1	-1	3	0	-1	-1	1	0	0	-1	1	0	0	-1	5	0	0	-1	2	0	-1	-1	2	0	-1	-1	5	0	-1	-1	0	0	-1	-1	2	0	-1	-1	4	0	-1	-1	4	0	0	-1	5	0	-1	-1	4	0	-1	0	1	0	-1	1	4	0	-1	-1	3	0	-1	0	2	0	-1	-1	1	0	-1	-1	5	0	-1	-1	2	0	0	-1	0	0	0	-1	4	0	0	-1	1	0	-1	3	3	0	-1	-1	4	1	-1	2	3	1	-1	3	4	0	-1	-1	5	0	-1	-1	3	0	0	-1	3	0	0	-1	0	0	0	-1	5	0	-1	-1	4	0	-1	0	0	0	0	-1	1	0	0	-1	4	0	0	-1	1	0	0	-1	3	0	0	-1	1	0	0	-1	5	0	0	-1	4	0	-1	-1	1	0	-1	2	0	0	0	-1	5	0	0	-1	3	0	0	-1	3	0	0	-1	
1	67200	1-4-0-4
2	0	-1	-1	1	0	-1	-1	2	0	-1	-1	3	0	-1	-1	1	0	-1	-1	1	0	-1	-1	0	0	-1	-1	1	0	-1	-1	0	0	-1	-1	3	0	-1	-1	1	0	-1	-1	4	0	-1	-1	3	0	-1	-1	1	0	-1	-1	3	0	-1	-1	5	0	-1	-1	4	0	-1	-1	2	0	-1	-1	4	0	-1	-1	5	0	-1	-1	4	0	-1	-1	0	0	-1	-1	2	0	-1	-1	4	0	-1	-1	0	0	-1	-1	3	0	-1	-1	0	0	-1	-1	2	0	-1	-1	1	0	-1	-1	2	0	-1	-1	0	0	-1	-1	4	0	-1	-1	4	0	-1	-1	1	0	-1	-1	4	0	-1	-1	3	0	-1	-1	1	0	0	-1	1	0	0	-1	5	0	0	-1	2	0	-1	-1	2	0	-1	-1	5	0	-1	-1	0	0	-1	-1	2	0	-1	-1	4	0	-1	-1	4	0	0	-1	5	0	-1	-1	4	0	-1	0	1	0	-1	1	4	0	-1	-1	3	0	-1	0	2	0	-1	-1	1	0	-1	-1	5	0	-1	-1	2	0	0	-1	0	0	0	-1	4	0	0	-1	1	0	-1	3	3	0	-1	-1	4	1	-1	2	3	1	-1	3	4	0	-1	-1	5	0	-1	-1	3	0	0	-1	3	0	0	-1	0	0	0	-1	5	0	-1	-1	4	0	-1	0	0	0	0	-1	1	0	0	-1	4	0	0	-1	1	0	0	-1	3	0	0	-1	1	0	0	-1	5	0	0	-1	4	0	-1	-1	1	0	-1	2	0	0	0	-1	5	0	0	-1	3	0	0	-1	3	0	0	-1	
1	68400	2-1-1-1
2	0	-1	-1	0	0	-1	-1	2	0	-1	-1	3	0	-1	-1	1	0	-1	-1	1	0	-1	-1	0	0	-1	-1	1	0	-1	-1	0	0	-1	-1	3	0	-1	-1	5	0	-1	-1	4	0	-1	-1	3	0	-1	-1	1	0	-1	-1	3	0	-1	-1	5	0	-1	-1	4	0	-1	-1	2	0	-1	-1	4	0	-1	-1	0	0	-1	-1	4	0	-1	-1	0	0	-1	-1	2	0	-1	-1	4	0	-1	-1	0	0	-1	-1	3	0	-1	-1	0	0	-1	-1	2	0	-1	-1	1	0	-1	-1	2	0	-1	-1	0	0	-1	-1	4	0	-1	-1	4	0	-1	-1	1	0	-1	-1	4	0	-1	-1	3	0	-1	-1	1	0	0	-1	5	0	-1	-1	5	0	0	-1	2	0	-1	-1	2	0	-1	-1	5	0	-1	-1	0	0	-1	-1	2	0	-1	-1	4	0	-1	-1	4	0	0	-1	5	0	-1	-1	4	0	-1	0	1	0	-1	1	4	0	-1	-1	3	0	-1	0	2	0	-1	-1	1	0	-1	-1	5	0	-1	-1	2	0	0	-1	0	0	0	-1	4	0	0	-1	1	0	-1	3	3	0	-1	-1	4	1	-1	2	3	1	-1	3	4	0	-1	-1	5	0	-1	-1	3	0	0	-1	3	0	0	-1	0	0	0	-1	5	0	-1	-1	4	0	-1	0	0	0	0	-1	1	0	0	-1	4	0	0	-1	1	0	0	-1	3	0	0	-1	1	0	0	-1	5	0	0	-1	4	0	-1	-1	1	0	-1	2	0	0	0	-1	5	0	0	-1	3	0	0	-1	3	0	0	-1	
1	69600	0-6-0-7
2	0	-1	-1	0	0	-1	-1	2	0	-1	-1	3	0	-1	-1	5	0	-1	-1	1	0	-1	-1	4	0	-1	-1	2	0	-1	-1	1	0	-1	-1	3	0	-1	-1	5	0	-1	-1	4	0	-1	-1	3	0	-1	-1	1	0	-1	-1	3	0	-1	-1	5	0	-1	-1	4	0	-1	-1	2	0	-1	-1	4	0	-1	-1	0	0	-1	-1	4	0	-1	-1	0	0	-1	-1	2	0	-1	-1	4	0	-1	-1	0	0	-1	-1	3	0	-1	-1	0	0	-1	-1	2	0	-1	-1	1	0	-1	-1	2	0	-1	-1	0	0	-1	-1	4	0	-1	-1	4	0	-1	-1	1	0	-1	-1	4	0	-1	-1	3	0	-1	-1	1	0	0	-1	5	0	-1	-1	5	0	0	-1	2	0	-1	-1	2	0	-1	-1	5	0	-1	-1	0	0	-1	-1	2	0	-1	-1	4	0	-1	-1	4	0	0	-1	5	0	-1	-1	4	0	-1	0	1	0	-1	1	4	0	-1	-1	3	0	-1	0	2	0	-1	-1	1	0	-1	-1	5	0	-1	-1	2	0	0	-1	0	0	0	-1	4	0	0	-1	1	0	-1	3	3	0	-1	-1	4	1	-1	2	3	1	-1	3	4	0	-1	-1	5	0	-1	-1	3	0	0	-1	3	0	0	-1	0	0	0	-1	5	0	-1	-1	4	0	-1	0	0	0	0	-1	1	0	0	-1	4	0	0	-1	1	0	0	-1	3	0	0	-1	1	0	0	-1	5	0	0	-1	4	0	-1	-1	1	0	-1	2	0	0	0	-1	5	0	0	-1	3	0	0	-1	3	0	0	-1	
1	71400	4-2-3-2
2	0	-1	-1	0	0	-1	-1	5	0	-1	-1	5	0	-1	-1	1	0	-1	-1	1	0	-1	-1	4	0	-1	-1	2	0	-1	-1	1	0	-1	-1	3	0	-1	-1	5	0	-1	-1	2	0	-1	-1	3	0	-1	-1	5	0	-1	-1	3	0	-1	-1	5	0	-1	-1	4	0	-1	-1	2	0	-1	-1	4	0	-1	-1	0	0	-1	-1	4	0	-1	-1	3	0	-1	-1	1	0	-1	-1	4	0	-1	-1	0	0	-1	-1	3	0	-1	-1	0	0	-1	-1	2	0	-1	-1	1	0	-1	-1	4	0	-1	-1	0	0	-1	-1	2	0	-1	-1	4	0	-1	-1	1	0	-1	-1	4	0	-1	-1	3	0	-1	-1	1	0	0	-1	5	0	-1	-1	5	0	-1	-1	0	0	-1	-1	4	0	-1	-1	5	0	-1	-1	0	0	-1	-1	2	0	-1	-1	4	0	-1	-1	4	0	0	-1	5	0	-1	-1	4	0	-1	0	1	0	-1	1	4	0	-1	-1	3	0	-1	0	2	0	-1	-1	1	0	-1	-1	5	0	-1	-1	2	0	0	-1	0	0	0	-1	4	0	0	-1	1	0	-1	3	3	0	-1	-1	4	1	-1	2	3	1	-1	3	4	0	-1	-1	5	0	-1	-1	3	0	0	-1	3	0	0	-1	0	0	0	-1	5	0	-1	-1	4	0	-1	0	0	0	0	-1	1	0	0	-1	4	0	0	-1	1	0	0	-1	3	0	0	-1	1	0	0	-1	5	0	0	-1	4	0	-1	-1	1	0	-1	2	0	0	0	-1	5	0	0	-1	3	0	0	-1	3	0	0	-1	
1	72000	0-1-1-1
2	0	-1	-1	4	0	-1	-1	2	0	-1	-1	4	0	-1	-1	1	0	-1	-1	1	0	-1	-1	4	0	-1	-1	2	0	-1	-1	1	0	-1	-1	3	0	-1	-1	0	0	-1	-1	2	0	-1	-1	3	0	-1	-1	5	0	-1	-1	3	0	-1	-1	5	0	-1	-1	4	0	-1	-1	2	0	-1	-1	4	0	-1	-1	0	0	-1	-1	4	0	-1	-1	3	0	-1	-1	1	0	-1	-1	4	0	-1	-1	0	0	-1	-1	3	0	-1	-1	0	0	-1	-1	2	0	-1	-1	1	0	-1	-1	4	0	-1	-1	0	0	-1	-1	2	0	-1	-1	4	0	-1	-1	1	0	-1	-1	4	0	-1	-1	3	0	-1	-1	1	0	0	-1	5	0	-1	-1	5	0	-1	-1	0	0	-1	-1	4	0	-1	-1	5	0	-1	-1	0	0	-1	-1	2	0	-1	-1	4	0	-1	-1	4	0	0	-1	5	0	-1	-1	4	0	-1	0	1	0	-1	1	4	0	-1	-1	3	0	-1	0	2	0	-1	-1	1	0	-1	-1	5	0	-1	-1	2	0	0	-1	0	0	0	-1	4	0	0	-1	1	0	-1	3	3	0	-1	-1	4	1	-1	2	3	1	-1	3	4	0	-1	-1	5	0	-1	-1	3	0	0	-1	3	0	0	-1	0	0	0	-1	5	0	-1	-1	4	0	-1	0	0	0	0	-1	1	0	0	-1	4	0	0	-1	1	0	0	-1	3	0	0	-1	1	0	0	-1	5	0	0	-1	4	0	-1	-1	1	0	-1	2	0	0	0	-1	5	0	0	-1	3	0	0	-1	3	0	0	-1	
1	72600	4-5-4-4
2	0	-1	-1	4	0	-1	-1	2	0	-1	-1	4	0	-1	-1	1	0	-1	-1	5	0	-1	-1	4	0	-1	-1	2	0	-1	-1	1	0	-1	-1	3	0	-1	-1	0	0	-1	-1	2	0	-1	-1	3	0	-1	-1	5	0	-1	-1	0	0	-1	-1	5	0	-1	-1	4	0	-1	-1	2	0	-1	-1	4	0	-1	-1	0	0	-1	-1	4	0	-1	-1	3	0	-1	-1	1	0	-1	-1	4	0	-1	-1	0	0	-1	-1	3	0	-1	-1	0	0	-1	-1	2	0	-1	-1	1	0	-1	-1	4	0	-1	-1	0	0	-1	-1	2	0	-1	-1	1	0	-1	-1	1	0	-1	-1	4	0	-1	-1	3	0	-1	-1	1	0	0	-1	5	0	-1	-1	5	0	-1	-1	0	0	-1	-1	5	0	-1	-1	3	0	-1	-1	0	0	-1	-1	2	0	-1	-1	4	0	-1	-1	4	0	0	-1	5	0	-1	-1	4	0	-1	0	1	0	-1	1	4	0	-1	-1	3	0	-1	0	2	0	-1	-1	1	0	-1	-1	5	0	-1	-1	2	0	0	-1	0	0	0	-1	4	0	0	-1	1	0	-1	3	3	0	-1	-1	4	1	-1	2	3	1	-1	3	4	0	-1	-1	5	0	-1	-1	3	0	0	-1	3	0	0	-1	0	0	0	-1	5	0	-1	-1	4	0	-1	0	0	0	0	-1	1	0	0	-1	4	0	0	-1	1	0	0	-1	3	0	0	-1	1	0	0	-1	5	0	0	-1	4	0	-1	-1	1	0	-1	2	0	0	0	-1	5	0	0	-1	3	0	0	-1	3	0	0	-1	
1	73800	4-2-5-2
2	0	-1	-1	4	0	-1	-1	5	0	-1	-1	4	0	-1	-1	1	0	-1	-1	5	0	-1	-1	4	0	-1	-1	2	0	-1	-1	1	0	-1	-1	3	0	-1	-1	0	0	-1	-1	4	0	-1	-1	3	0	-1	-1	5	0	-1	-1	0	0	-1	-1	5	0	-1	-1	4	0	-1	-1	2	0	-1	-1	4	0	-1	-1	0	0	-1	-1	5	0	-1	-1	3	0	-1	-1	1	0	-1	-1	4	0	-1	-1	0	0	-1	-1	3	0	-1	-1	0	0	-1	-1	2	0	-1	-1	1	0	-1	-1	2	0	-1	-1	0	0	-1	-1	2	0	-1	-1	1	0	-1	-1	1	0	-1	-1	4	0	-1	-1	3	0	-1	-1	1	0	0	-1	5	0	-1	-1	2	0	-1	-1	0	0	-1	-1	5	0	-1	-1	3	0	-1	-1	0	0	-1	-1	2	0	-1	-1	4	0	-1	-1	4	0	0	-1	5	0	-1	-1	5	0	-1	0	1	0	-1	1	4	0	-1	-1	3	0	-1	0	2	0	-1	-1	1	0	-1	-1	5	0	-1	-1	2	0	0	-1	0	0	0	-1	4	0	0	-1	1	0	-1	3	3	0	-1	-1	4	1	-1	2	3	1	-1	3	4	0	-1	-1	5	0	-1	-1	3	0	0	-1	3	0	0	-1	0	0	0	-1	5	0	-1	-1	4	0	-1	0	0	0	0	-1	1	0	0	-1	4	0	0	-1	1	0	0	-1	3	0	0	-1	1	0	0	-1	5	0	0	-1	4	0	-1	-1	1	0	-1	2	0	0	0	-1	5	0	0	-1	3	0	0	-1	3	0	0	-1	
1	75000	3-4-2-4
2	0	-1	-1	4	0	-1	-1	5	0	-1	-1	4	0	-1	-1	1	0	-1	-1	1	0	-1	-1	4	0	-1	-1	2	0	-1	-1	1	0	-1	-1	3	0	-1	-1	0	0	-1	-1	4	0	-1	-1	3	0	-1	-1	1	0	-1	-1	5	0	-1	-1	4	0	-1	-1	4	0	-1	-1	2	0	-1	-1	4	0	-1	-1	0	0	-1	-1	5	0	-1	-1	3	0	-1	-1	5	0	-1	-1	0	0	-1	-1	5	0	-1	-1	3	0	-1	-1	0	0	-1	-1	2	0	-1	-1	1	0	-1	-1	2	0	-1	-1	0	0	-1	-1	2	0	-1	-1	4	0	-1	-1	0	0	-1	-1	4	0	-1	-1	3	0	-1	-1	1	0	0	-1	5	0	-1	-1	2	0	-1	-1	0	0	-1	-1	5	0	-1	-1	3	0	-1	-1	0	0	-1	-1	2	0	-1	-1	4	0	-1	-1	4	0	0	-1	5	0	-1	-1	5	0	-1	0	1	0	-1	1	4	0	-1	-1	3	0	-1	0	2	0	-1	-1	1	0	-1	-1	5	0	-1	-1	2	0	0	-1	0	0	0	-1	4	0	0	-1	1	0	-1	3	3	0	-1	-1	4	1	-1	2	3	1	-1	3	4	0	-1	-1	5	0	-1	-1	3	0	0	-1	3	0	0	-1	0	0	0	-1	5	0	-1	-1	4	0	-1	0	0	0	0	-1	1	0	0	-1	4	0	0	-1	1	0	0	-1	3	0	0	-1	1	0	0	-1	5	0	0	-1	4	0	-1	-1	1	0	-1	2	0	0	0	-1	5	0	0	-1	3	0	0	-1	3	0	0	-1	
1	75600	6-5-5-5
1	0	-1	-1	1	0	-1	-1	2	0	-1	-1	4	0	-1	-1	0	0	-1	-1	2	0	-1	-1	5	0	-1	-1	3	0	-1	-1	3	0	-1	-1	2	0	-1	-1	4	0	-1	-1	5	0	-1	-1	4	0	-1	-1	1	0	-1	-1	1	0	-1	-1	4	0	-1	-1	2	0	-1	-1	1	0	-1	-1	3	0	-1	-1	0	0	-1	-1	4	0	-1	-1	3	0	-1	-1	1	0	-1	-1	5	0	-1	-1	4	0	-1	-1	4	0	-1	-1	2	0	-1	-1	4	0	-1	-1	0	0	-1	-1	5	0	-1	-1	3	0	-1	-1	5	0	-1	-1	0	0	-1	-1	5	0	-1	-1	3	0	-1	-1	0	0	-1	-1	2	0	0	-1	1	0	-1	-1	2	0	-1	-1	0	0	-1	-1	2	0	-1	-1	4	0	-1	-1	0	0	-1	-1	4	0	-1	-1	3	0	-1	-1	1	0	0	-1	5	0	-1	-1	2	0	-1	0	0	0	-1	1	5	0	-1	-1	3	0	-1	0	0	0	-1	-1	2	0	-1	-1	4	0	-1	-1	4	0	-1	-1	5	0	-1	-1	5	0	-1	-1	1	0	-1	3	4	0	-1	-1	4	1	-1	2	2	0	-1	3	1	0	-1	-1	5	0	-1	-1	3	0	0	-1	3	0	0	-1	0	0	0	-1	5	0	-1	-1	4	0	-1	0	0	0	0	-1	1	0	0	-1	4	0	0	-1	1	0	0	-1	3	0	0	-1	1	0	0	-1	5	0	0	-1	4	0	-1	-1	1	0	-1	2	0	0	0	-1	5	0	0	-1	3	0	0	-1	3	0	0	-1	
2	81800	1-2-2-2
1	0	-1	-1	5	0	-1	-1	4	0	-1	-1	3	0	-1	-1	0	0	-1	-1	2	0	-1	-1	5	0	-1	-1	3	0	-1	-1	3	0	-1	-1	2	0	-1	-1	1	0	-1	-1	2	0	-1	-1	4	0	-1	-1	1	0	-1	-1	1	0	-1	-1	4	0	-1	-1	2	0	-1	-1	1	0	-1	-1	3	0	-1	-1	0	0	-1	-1	5	0	-1	-1	3	0	-1	-1	1	0	-1	-1	5	0	-1	-1	4	0	-1	-1	4	0	-1	-1	2	0	-1	-1	4	0	-1	-1	0	0	-1	-1	5	0	-1	-1	3	0	-1	-1	5	0	-1	-1	0	0	-1	-1	5	0	-1	-1	3	0	-1	-1	0	0	-1	-1	2	0	0	-1	1	0	-1	-1	2	0	-1	-1	0	0	-1	-1	2	0	-1	-1	4	0	-1	-1	0	0	-1	-1	4	0	-1	-1	3	0	-1	-1	1	0	0	-1	5	0	-1	-1	2	0	-1	0	0	0	-1	1	5	0	-1	-1	3	0	-1	0	0	0	-1	-1	2	0	-1	-1	4	0	-1	-1	4	0	-1	-1	5	0	-1	-1	5	0	-1	-1	1	0	-1	3	4	0	-1	-1	4	1	-1	2	2	0	-1	3	1	0	-1	-1	5	0	-1	-1	3	0	0	-1	3	0	0	-1	0	0	0	-1	5	0	-1	-1	4	0	-1	0	0	0	0	-1	1	0	0	-1	4	0	0	-1	1	0	0	-1	3	0	0	-1	1	0	0	-1	5	0	0	-1	4	0	-1	-1	1	0	-1	2	0	0	0	-1	5	0	0	-1	3	0	0	-1	3	0	0	-1	
2	82400	-1--1--1--1
