Preamble
===============================================================================
t = gem type
bt = bonus type
i = ice layer
mp = medal portion
mu = medals uncovered
s = score
a = action
tmo = total moves
tme = total medals
r = row
c = columns
-------------------------------------------------------------------------------
tmo	tme	r	c
===============================================================================
26	3	9	9
-------------------------------------------------------------------------------

Key for state and progress information.
2 lines represent a state-action pair:
t	bt	i	mp	t	bt	i	mp	t	bt	i	mp	t	bt	i	mp	t	bt	i	mp	t	bt	i	mp	t	bt	i	mp	t	bt	i	mp	t	bt	i	mp	t	bt	i	mp	t	bt	i	mp	t	bt	i	mp	t	bt	i	mp	t	bt	i	mp	t	bt	i	mp	t	bt	i	mp	t	bt	i	mp	t	bt	i	mp	t	bt	i	mp	t	bt	i	mp	t	bt	i	mp	t	bt	i	mp	t	bt	i	mp	t	bt	i	mp	t	bt	i	mp	t	bt	i	mp	t	bt	i	mp	t	bt	i	mp	t	bt	i	mp	t	bt	i	mp	t	bt	i	mp	t	bt	i	mp	t	bt	i	mp	t	bt	i	mp	t	bt	i	mp	t	bt	i	mp	t	bt	i	mp	t	bt	i	mp	t	bt	i	mp	t	bt	i	mp	t	bt	i	mp	t	bt	i	mp	t	bt	i	mp	t	bt	i	mp	t	bt	i	mp	t	bt	i	mp	t	bt	i	mp	t	bt	i	mp	t	bt	i	mp	t	bt	i	mp	t	bt	i	mp	t	bt	i	mp	t	bt	i	mp	t	bt	i	mp	t	bt	i	mp	t	bt	i	mp	t	bt	i	mp	t	bt	i	mp	t	bt	i	mp	t	bt	i	mp	t	bt	i	mp	t	bt	i	mp	t	bt	i	mp	t	bt	i	mp	t	bt	i	mp	t	bt	i	mp	t	bt	i	mp	t	bt	i	mp	t	bt	i	mp	t	bt	i	mp	t	bt	i	mp	t	bt	i	mp	t	bt	i	mp	t	bt	i	mp	t	bt	i	mp	t	bt	i	mp	t	bt	i	mp	t	bt	i	mp	t	bt	i	mp	t	bt	i	mp	t	bt	i	mp	
===============================================================================
mu	s	a
===============================================================================

3	0	-1	-1	0	0	-1	-1	2	0	-1	-1	3	0	-1	-1	0	0	-1	-1	3	0	-1	-1	5	0	-1	-1	2	0	-1	-1	0	0	-1	-1	5	0	-1	-1	4	0	-1	-1	0	0	-1	-1	5	0	-1	-1	5	0	-1	-1	2	0	-1	-1	3	0	-1	-1	4	0	-1	-1	3	0	-1	-1	1	0	-1	-1	0	0	-1	-1	1	1	-1	-1	4	0	-1	-1	3	0	-1	-1	1	3	-1	-1	3	0	-1	-1	5	0	-1	-1	2	0	-1	-1	0	0	-1	-1	3	0	-1	-1	3	0	-1	-1	2	0	-1	-1	3	0	-1	-1	3	0	-1	-1	0	0	-1	-1	3	0	-1	-1	5	0	-1	-1	1	0	0	-1	2	0	0	-1	4	0	0	-1	0	0	0	-1	4	0	0	-1	2	0	0	-1	5	0	0	-1	1	0	0	-1	1	0	0	-1	0	0	0	-1	0	0	0	-1	2	0	0	-1	2	0	0	-1	4	0	0	-1	2	0	0	-1	0	0	0	-1	0	0	0	-1	5	0	0	-1	5	0	0	-1	0	0	0	-1	3	0	0	-1	1	0	0	-1	3	0	0	-1	1	0	0	-1	1	0	0	-1	3	0	0	-1	5	0	0	-1	0	0	0	-1	1	0	0	-1	2	0	0	-1	2	0	0	-1	0	0	0	-1	2	0	0	-1	5	0	0	-1	2	0	0	-1	2	0	0	-1	4	0	0	-1	5	0	0	-1	1	0	0	-1	3	0	0	-1	5	0	0	-1	3	0	0	-1	3	0	0	-1	2	0	0	-1	0	0	0	-1	
0	0	6-5-7-5
3	0	-1	-1	0	0	-1	-1	2	0	-1	-1	3	0	-1	-1	0	0	-1	-1	3	0	-1	-1	5	0	-1	-1	2	0	-1	-1	0	0	-1	-1	5	0	-1	-1	4	0	-1	-1	0	0	-1	-1	5	0	-1	-1	5	0	-1	-1	1	0	-1	-1	3	0	-1	-1	4	0	-1	-1	3	0	-1	-1	1	0	-1	-1	0	0	-1	-1	1	1	-1	-1	4	0	-1	-1	3	0	-1	-1	2	0	-1	-1	3	0	-1	-1	5	0	-1	-1	2	0	-1	-1	0	0	-1	-1	3	0	-1	-1	3	0	-1	-1	2	0	-1	-1	3	0	-1	-1	3	0	-1	-1	0	0	-1	-1	3	0	-1	-1	5	0	-1	-1	1	0	0	-1	2	0	0	-1	4	0	0	-1	0	0	0	-1	4	0	0	-1	2	0	-1	1	5	0	0	-1	1	0	0	-1	1	0	0	-1	0	0	0	-1	0	0	0	-1	2	0	0	-1	2	0	0	-1	4	0	0	-1	1	3	-1	3	0	0	0	-1	0	0	0	-1	5	0	0	-1	5	0	0	-1	0	0	0	-1	3	0	0	-1	1	0	0	-1	3	0	0	-1	3	0	-1	1	1	0	0	-1	3	0	0	-1	5	0	0	-1	0	0	0	-1	1	0	0	-1	2	0	0	-1	2	0	0	-1	0	0	0	-1	1	0	0	-1	5	0	0	-1	2	0	0	-1	2	0	0	-1	4	0	0	-1	5	0	0	-1	1	0	0	-1	3	0	0	-1	5	0	0	-1	3	0	0	-1	3	0	0	-1	2	0	0	-1	0	0	0	-1	
0	1200	0-6-0-5
3	0	-1	-1	0	0	-1	-1	2	0	-1	-1	3	0	-1	-1	0	0	-1	-1	5	0	-1	-1	1	0	-1	-1	2	0	-1	-1	0	0	-1	-1	5	0	-1	-1	4	0	-1	-1	0	0	-1	-1	5	0	-1	-1	5	0	-1	-1	1	0	-1	-1	4	0	-1	-1	4	0	-1	-1	3	0	-1	-1	1	0	-1	-1	0	0	-1	-1	1	1	-1	-1	4	0	-1	-1	3	0	-1	-1	2	0	-1	-1	0	0	-1	-1	5	0	-1	-1	2	0	-1	-1	0	0	-1	-1	3	0	-1	-1	3	0	-1	-1	2	0	-1	-1	3	0	-1	-1	3	0	-1	-1	0	0	-1	-1	3	0	-1	-1	5	0	-1	-1	1	0	0	-1	2	0	0	-1	4	0	0	-1	0	0	0	-1	4	0	0	-1	2	0	-1	1	5	0	0	-1	1	0	0	-1	1	0	0	-1	0	0	0	-1	0	0	0	-1	2	0	0	-1	2	0	0	-1	4	0	0	-1	1	3	-1	3	0	0	0	-1	0	0	0	-1	5	0	0	-1	5	0	0	-1	0	0	0	-1	3	0	0	-1	1	0	0	-1	3	0	0	-1	3	0	-1	1	1	0	0	-1	3	0	0	-1	5	0	0	-1	0	0	0	-1	1	0	0	-1	2	0	0	-1	2	0	0	-1	0	0	0	-1	1	0	0	-1	5	0	0	-1	2	0	0	-1	2	0	0	-1	4	0	0	-1	5	0	0	-1	1	0	0	-1	3	0	0	-1	5	0	0	-1	3	0	0	-1	3	0	0	-1	2	0	0	-1	0	0	0	-1	
0	2400	4-6-5-6
3	0	-1	-1	0	0	-1	-1	2	0	-1	-1	3	0	-1	-1	0	0	-1	-1	5	0	-1	-1	2	0	-1	-1	2	0	-1	-1	0	0	-1	-1	5	0	-1	-1	4	0	-1	-1	0	0	-1	-1	5	0	-1	-1	5	0	-1	-1	1	0	-1	-1	0	0	-1	-1	4	0	-1	-1	3	0	-1	-1	1	0	-1	-1	0	0	-1	-1	1	1	-1	-1	4	0	-1	-1	3	0	-1	-1	2	0	-1	-1	1	0	-1	-1	5	0	-1	-1	2	0	-1	-1	0	0	-1	-1	3	0	-1	-1	3	0	-1	-1	2	0	-1	-1	3	0	-1	-1	3	0	-1	-1	1	1	-1	-1	3	0	-1	-1	5	0	-1	-1	1	0	0	-1	2	0	0	-1	4	0	0	-1	0	0	0	-1	4	0	0	-1	2	0	-1	1	4	0	-1	-1	1	0	0	-1	1	0	0	-1	0	0	0	-1	0	0	0	-1	2	0	0	-1	2	0	0	-1	4	0	0	-1	1	3	-1	3	5	0	0	-1	0	0	0	-1	5	0	0	-1	5	0	0	-1	0	0	0	-1	3	0	0	-1	1	0	0	-1	3	0	0	-1	3	0	-1	1	1	0	0	-1	3	0	0	-1	5	0	0	-1	0	0	0	-1	1	0	0	-1	2	0	0	-1	2	0	0	-1	0	0	0	-1	1	0	0	-1	5	0	0	-1	2	0	0	-1	2	0	0	-1	4	0	0	-1	5	0	0	-1	1	0	0	-1	3	0	0	-1	5	0	0	-1	3	0	0	-1	3	0	0	-1	2	0	0	-1	0	0	0	-1	
0	6800	1-6-1-5
3	0	-1	-1	0	0	-1	-1	2	0	-1	-1	3	0	-1	-1	0	0	-1	-1	5	0	-1	-1	1	0	-1	-1	2	0	-1	-1	5	0	-1	-1	5	0	-1	-1	4	0	-1	-1	0	0	-1	-1	5	0	-1	-1	5	0	-1	-1	0	0	-1	-1	0	0	-1	-1	2	0	-1	-1	0	0	-1	-1	1	0	-1	-1	0	0	-1	-1	1	1	-1	-1	4	0	-1	-1	3	0	-1	-1	2	0	-1	-1	1	0	-1	-1	4	0	-1	-1	1	0	-1	-1	0	0	-1	-1	3	0	-1	-1	3	0	-1	-1	2	0	-1	-1	3	0	-1	-1	3	0	-1	-1	4	0	-1	-1	5	0	-1	-1	2	0	-1	-1	1	0	0	-1	2	0	0	-1	4	0	0	-1	0	0	0	-1	4	0	0	-1	2	0	-1	1	5	0	-1	-1	3	0	-1	-1	0	0	-1	-1	0	0	0	-1	0	0	0	-1	2	0	0	-1	2	0	0	-1	4	0	0	-1	1	3	-1	3	1	0	-1	-1	0	0	0	-1	3	0	-1	-1	5	0	0	-1	0	0	0	-1	3	0	0	-1	1	0	0	-1	3	0	0	-1	3	0	-1	1	5	0	-1	-1	3	0	0	-1	2	0	-1	-1	0	0	0	-1	1	0	0	-1	2	0	0	-1	2	0	0	-1	0	0	0	-1	1	0	0	-1	3	0	-1	0	2	0	0	-1	2	0	0	-1	4	0	0	-1	5	0	0	-1	1	0	0	-1	3	0	0	-1	5	0	0	-1	3	0	0	-1	1	0	-1	2	2	0	0	-1	0	0	0	-1	
0	22600	3-3-3-4
3	0	-1	-1	3	0	-1	-1	4	0	-1	-1	2	0	-1	-1	0	0	-1	-1	5	0	-1	-1	1	0	-1	-1	2	0	-1	-1	5	0	-1	-1	5	0	-1	-1	0	0	-1	-1	2	0	-1	-1	3	0	-1	-1	5	0	-1	-1	0	0	-1	-1	0	0	-1	-1	2	0	-1	-1	0	0	-1	-1	1	0	-1	-1	4	0	-1	-1	0	0	-1	-1	5	0	-1	-1	3	0	-1	-1	2	0	-1	-1	1	0	-1	-1	4	0	-1	-1	1	0	-1	-1	0	0	-1	-1	0	0	-1	-1	1	1	-1	-1	4	0	-1	-1	2	0	-1	-1	3	0	-1	-1	4	0	-1	-1	5	0	-1	-1	2	0	-1	-1	1	0	0	-1	2	0	0	-1	4	0	0	-1	0	0	0	-1	4	0	0	-1	2	0	-1	1	5	0	-1	-1	3	0	-1	-1	0	0	-1	-1	0	0	0	-1	0	0	0	-1	2	0	0	-1	2	0	0	-1	4	0	0	-1	1	3	-1	3	1	0	-1	-1	0	0	0	-1	3	0	-1	-1	5	0	0	-1	0	0	0	-1	3	0	0	-1	1	0	0	-1	3	0	0	-1	3	0	-1	1	5	0	-1	-1	3	0	0	-1	2	0	-1	-1	0	0	0	-1	1	0	0	-1	2	0	0	-1	2	0	0	-1	0	0	0	-1	1	0	0	-1	3	0	-1	0	2	0	0	-1	2	0	0	-1	4	0	0	-1	5	0	0	-1	1	0	0	-1	3	0	0	-1	5	0	0	-1	3	0	0	-1	1	0	-1	2	2	0	0	-1	0	0	0	-1	
0	23200	6-6-7-6
3	0	-1	-1	3	0	-1	-1	4	0	-1	-1	2	0	-1	-1	2	0	-1	-1	5	0	-1	-1	1	0	-1	-1	3	0	-1	-1	5	0	-1	-1	5	0	-1	-1	0	0	-1	-1	2	0	-1	-1	3	0	-1	-1	0	0	-1	-1	5	0	-1	-1	0	0	-1	-1	2	0	-1	-1	0	0	-1	-1	1	0	-1	-1	4	0	-1	-1	0	0	-1	-1	5	0	-1	-1	5	0	-1	-1	0	0	-1	-1	1	0	-1	-1	2	0	-1	-1	1	0	-1	-1	0	0	-1	-1	0	0	-1	-1	1	1	-1	-1	4	0	-1	-1	3	0	-1	-1	2	0	-1	-1	4	0	-1	-1	4	0	-1	-1	2	0	-1	-1	1	0	0	-1	2	0	0	-1	4	0	0	-1	0	0	0	-1	2	0	0	-1	3	0	-1	1	5	0	-1	-1	5	0	-1	-1	0	0	-1	-1	0	0	0	-1	0	0	0	-1	2	0	0	-1	2	0	0	-1	4	0	0	-1	2	0	-1	3	1	0	-1	-1	3	0	0	-1	3	0	-1	-1	5	0	0	-1	0	0	0	-1	3	0	0	-1	1	0	0	-1	4	0	-1	0	1	3	-1	1	3	1	-1	-1	0	0	-1	-1	2	0	-1	-1	0	0	0	-1	1	0	0	-1	2	0	0	-1	2	0	0	-1	0	0	0	-1	1	0	0	-1	5	0	-1	0	2	0	0	-1	2	0	0	-1	4	0	0	-1	5	0	0	-1	1	0	0	-1	3	0	0	-1	5	0	0	-1	3	0	0	-1	1	0	-1	2	2	0	0	-1	0	0	0	-1	
0	24000	2-5-2-4
3	0	-1	-1	3	0	-1	-1	4	0	-1	-1	2	0	-1	-1	2	0	-1	-1	5	0	-1	-1	1	0	-1	-1	3	0	-1	-1	5	0	-1	-1	5	0	-1	-1	0	0	-1	-1	2	0	-1	-1	3	0	-1	-1	0	0	-1	-1	1	0	-1	-1	0	0	-1	-1	2	0	-1	-1	0	0	-1	-1	1	0	-1	-1	4	0	-1	-1	0	0	-1	-1	5	0	-1	-1	0	0	-1	-1	3	0	-1	-1	1	0	-1	-1	2	0	-1	-1	1	0	-1	-1	0	0	-1	-1	0	0	-1	-1	1	1	-1	-1	4	0	-1	-1	3	0	-1	-1	2	0	-1	-1	4	0	-1	-1	4	0	-1	-1	2	0	-1	-1	1	0	0	-1	2	0	0	-1	4	0	0	-1	0	0	0	-1	2	0	0	-1	3	0	-1	1	5	0	-1	-1	5	0	-1	-1	0	0	-1	-1	0	0	0	-1	0	0	0	-1	2	0	0	-1	2	0	0	-1	4	0	0	-1	2	0	-1	3	1	0	-1	-1	3	0	0	-1	3	0	-1	-1	5	0	0	-1	0	0	0	-1	3	0	0	-1	1	0	0	-1	4	0	-1	0	1	3	-1	1	3	1	-1	-1	0	0	-1	-1	2	0	-1	-1	0	0	0	-1	1	0	0	-1	2	0	0	-1	2	0	0	-1	0	0	0	-1	1	0	0	-1	5	0	-1	0	2	0	0	-1	2	0	0	-1	4	0	0	-1	5	0	0	-1	1	0	0	-1	3	0	0	-1	5	0	0	-1	3	0	0	-1	1	0	-1	2	2	0	0	-1	0	0	0	-1	
0	25200	8-5-8-6
3	0	-1	-1	3	0	-1	-1	4	0	-1	-1	2	0	-1	-1	0	0	-1	-1	4	0	-1	-1	1	0	-1	-1	5	0	-1	-1	5	0	-1	-1	5	0	-1	-1	0	0	-1	-1	2	0	-1	-1	2	0	-1	-1	3	0	-1	-1	1	0	-1	-1	4	0	-1	-1	1	0	-1	-1	0	0	-1	-1	1	0	-1	-1	4	0	-1	-1	0	0	-1	-1	3	0	-1	-1	2	0	-1	-1	3	0	-1	-1	2	0	-1	-1	3	0	-1	-1	1	0	-1	-1	0	0	-1	-1	0	0	-1	-1	1	1	-1	-1	5	0	-1	-1	5	0	-1	-1	1	0	-1	-1	5	0	-1	-1	2	0	-1	-1	2	0	-1	-1	1	0	0	-1	2	0	0	-1	4	0	0	-1	4	0	0	-1	2	0	0	-1	5	0	-1	1	2	0	-1	-1	5	0	-1	-1	0	0	-1	-1	0	0	0	-1	0	0	0	-1	2	0	0	-1	0	0	0	-1	0	0	-1	2	5	0	-1	3	4	0	-1	-1	3	0	0	-1	3	0	-1	-1	5	0	0	-1	0	0	0	-1	3	0	0	-1	2	0	0	-1	0	0	-1	0	1	0	-1	1	4	0	-1	-1	0	0	-1	-1	2	0	-1	-1	0	0	0	-1	1	0	0	-1	2	1	-1	-1	1	0	-1	-1	3	0	-1	-1	3	0	-1	-1	5	0	-1	0	2	0	0	-1	2	0	0	-1	4	0	0	-1	5	0	0	-1	1	0	0	-1	3	0	0	-1	5	0	0	-1	3	0	-1	-1	1	0	-1	2	2	0	0	-1	0	0	0	-1	
1	71200	2-3-2-4
3	0	-1	-1	3	0	-1	-1	4	0	-1	-1	3	0	-1	-1	0	0	-1	-1	4	0	-1	-1	1	0	-1	-1	5	0	-1	-1	5	0	-1	-1	5	0	-1	-1	0	0	-1	-1	2	0	-1	-1	1	0	-1	-1	3	0	-1	-1	1	0	-1	-1	4	0	-1	-1	1	0	-1	-1	0	0	-1	-1	1	0	-1	-1	4	0	-1	-1	0	0	-1	-1	0	0	-1	-1	3	0	-1	-1	3	0	-1	-1	2	0	-1	-1	3	0	-1	-1	1	0	-1	-1	0	0	-1	-1	0	0	-1	-1	1	1	-1	-1	5	0	-1	-1	5	0	-1	-1	1	0	-1	-1	5	0	-1	-1	2	0	-1	-1	2	0	-1	-1	1	0	0	-1	2	0	0	-1	4	0	0	-1	4	0	0	-1	2	0	0	-1	5	0	-1	1	2	0	-1	-1	5	0	-1	-1	0	0	-1	-1	0	0	0	-1	0	0	0	-1	2	0	0	-1	0	0	0	-1	0	0	-1	2	5	0	-1	3	4	0	-1	-1	3	0	0	-1	3	0	-1	-1	5	0	0	-1	0	0	0	-1	3	0	0	-1	2	0	0	-1	0	0	-1	0	1	0	-1	1	4	0	-1	-1	0	0	-1	-1	2	0	-1	-1	0	0	0	-1	1	0	0	-1	2	1	-1	-1	1	0	-1	-1	3	0	-1	-1	3	0	-1	-1	5	0	-1	0	2	0	0	-1	2	0	0	-1	4	0	0	-1	5	0	0	-1	1	0	0	-1	3	0	0	-1	5	0	0	-1	3	0	-1	-1	1	0	-1	2	2	0	0	-1	0	0	0	-1	
1	72400	6-2-6-3
3	0	-1	-1	0	0	-1	-1	3	0	-1	-1	5	0	-1	-1	1	0	-1	-1	4	0	-1	-1	1	0	-1	-1	5	0	-1	-1	5	0	-1	-1	5	0	-1	-1	0	0	-1	-1	4	0	-1	-1	3	0	-1	-1	0	0	-1	-1	1	0	-1	-1	4	0	-1	-1	1	0	-1	-1	0	0	-1	-1	1	0	-1	-1	4	0	-1	-1	2	0	-1	-1	1	0	-1	-1	3	0	-1	-1	3	0	-1	-1	2	0	-1	-1	3	0	-1	-1	1	0	-1	-1	0	0	-1	-1	0	0	-1	-1	1	0	-1	-1	0	0	-1	-1	3	0	-1	-1	1	0	-1	-1	5	0	-1	-1	2	0	-1	-1	2	0	-1	-1	1	0	0	-1	2	0	0	-1	4	0	-1	-1	4	0	0	-1	2	0	0	-1	5	0	-1	1	2	0	-1	-1	5	0	-1	-1	0	0	-1	-1	0	0	0	-1	0	0	0	-1	3	0	-1	-1	0	0	0	-1	0	0	-1	2	5	0	-1	3	4	0	-1	-1	3	0	0	-1	3	0	-1	-1	5	0	0	-1	0	0	0	-1	3	0	-1	-1	3	0	0	-1	0	0	-1	0	1	0	-1	1	4	0	-1	-1	0	0	-1	-1	2	0	-1	-1	0	0	0	-1	1	0	0	-1	2	0	-1	-1	1	0	-1	-1	3	0	-1	-1	3	0	-1	-1	5	0	-1	0	2	0	0	-1	2	0	0	-1	4	0	0	-1	5	0	0	-1	3	0	-1	-1	3	0	0	-1	5	0	0	-1	3	0	-1	-1	1	0	-1	2	2	0	0	-1	0	0	0	-1	
1	88400	7-3-8-3
3	0	-1	-1	0	0	-1	-1	3	0	-1	-1	2	0	-1	-1	2	0	-1	-1	0	0	-1	-1	1	0	-1	-1	5	0	-1	-1	5	0	-1	-1	5	0	-1	-1	0	0	-1	-1	4	0	-1	-1	5	0	-1	-1	1	0	-1	-1	4	0	-1	-1	4	0	-1	-1	1	0	-1	-1	0	0	-1	-1	1	0	-1	-1	4	0	-1	-1	2	0	-1	-1	3	0	-1	-1	0	0	-1	-1	1	0	-1	-1	2	0	-1	-1	3	0	-1	-1	1	0	-1	-1	0	0	-1	-1	0	0	-1	-1	1	0	-1	-1	1	0	-1	-1	3	0	-1	-1	3	0	-1	-1	5	0	-1	-1	2	0	-1	-1	2	0	-1	-1	1	0	0	-1	2	0	0	-1	4	0	-1	-1	0	0	0	-1	3	0	0	-1	1	0	-1	1	2	0	-1	-1	5	0	-1	-1	0	0	-1	-1	0	0	0	-1	0	0	0	-1	3	0	-1	-1	4	0	0	-1	2	0	-1	2	5	0	-1	3	4	0	-1	-1	3	0	0	-1	3	0	-1	-1	5	0	0	-1	0	0	0	-1	3	0	-1	-1	0	0	0	-1	0	0	-1	0	5	0	-1	1	4	0	-1	-1	0	0	-1	-1	2	0	-1	-1	0	0	0	-1	1	0	0	-1	2	0	-1	-1	3	0	-1	-1	0	0	-1	-1	1	0	-1	-1	5	0	-1	0	2	0	0	-1	2	0	0	-1	4	0	0	-1	5	0	0	-1	3	0	-1	-1	1	0	0	-1	5	0	0	-1	3	0	-1	-1	1	0	-1	2	2	0	0	-1	0	0	0	-1	
1	89000	3-6-3-7
3	0	-1	-1	0	0	-1	-1	3	0	-1	-1	2	0	-1	-1	5	0	-1	-1	1	0	-1	-1	4	0	-1	-1	3	0	-1	-1	2	0	-1	-1	5	0	-1	-1	0	0	-1	-1	4	0	-1	-1	5	0	-1	-1	2	0	-1	-1	4	0	-1	-1	3	0	-1	-1	1	0	-1	-1	0	0	-1	-1	1	0	-1	-1	4	0	-1	-1	2	0	-1	-1	3	0	-1	-1	1	0	-1	-1	4	0	-1	-1	3	0	-1	-1	3	0	-1	-1	1	0	-1	-1	0	0	-1	-1	0	0	-1	-1	1	0	-1	-1	1	0	-1	-1	0	0	-1	-1	1	0	-1	-1	4	0	-1	-1	5	0	-1	-1	2	0	-1	-1	1	0	0	-1	2	0	0	-1	4	0	-1	-1	0	0	0	-1	3	0	0	-1	1	0	-1	1	2	0	-1	-1	5	0	-1	-1	0	0	-1	-1	0	0	0	-1	0	0	0	-1	3	0	-1	-1	4	0	0	-1	2	0	-1	2	5	0	-1	3	5	0	-1	-1	3	0	0	-1	3	0	-1	-1	5	0	0	-1	0	0	0	-1	3	0	-1	-1	0	0	0	-1	0	0	-1	0	5	0	-1	1	1	0	-1	-1	0	0	-1	-1	2	0	-1	-1	0	0	0	-1	1	0	0	-1	2	0	-1	-1	3	0	-1	-1	0	0	-1	-1	1	0	-1	-1	5	0	-1	0	2	0	0	-1	2	0	0	-1	4	0	0	-1	5	0	0	-1	3	0	-1	-1	1	0	0	-1	5	0	0	-1	3	0	-1	-1	1	0	-1	2	2	0	0	-1	0	0	0	-1	
1	107000	0-5-0-6
3	0	-1	-1	0	0	-1	-1	3	0	-1	-1	2	0	-1	-1	5	0	-1	-1	0	0	-1	-1	1	0	-1	-1	3	0	-1	-1	2	0	-1	-1	5	0	-1	-1	0	0	-1	-1	4	0	-1	-1	5	0	-1	-1	2	0	-1	-1	1	0	-1	-1	3	0	-1	-1	1	0	-1	-1	0	0	-1	-1	1	0	-1	-1	4	0	-1	-1	2	0	-1	-1	3	0	-1	-1	1	0	-1	-1	2	0	-1	-1	3	0	-1	-1	3	0	-1	-1	1	0	-1	-1	0	0	-1	-1	0	0	-1	-1	1	0	-1	-1	1	0	-1	-1	0	0	-1	-1	1	0	-1	-1	4	0	-1	-1	5	0	-1	-1	2	0	-1	-1	1	0	0	-1	2	0	0	-1	4	0	-1	-1	0	0	0	-1	3	0	0	-1	1	0	-1	1	2	0	-1	-1	5	0	-1	-1	0	0	-1	-1	0	0	0	-1	0	0	0	-1	3	0	-1	-1	4	0	0	-1	2	0	-1	2	5	0	-1	3	5	0	-1	-1	3	0	0	-1	3	0	-1	-1	5	0	0	-1	0	0	0	-1	3	0	-1	-1	0	0	0	-1	0	0	-1	0	5	0	-1	1	1	0	-1	-1	0	0	-1	-1	2	0	-1	-1	0	0	0	-1	1	0	0	-1	2	0	-1	-1	3	0	-1	-1	0	0	-1	-1	1	0	-1	-1	5	0	-1	0	2	0	0	-1	2	0	0	-1	4	0	0	-1	5	0	0	-1	3	0	-1	-1	1	0	0	-1	5	0	0	-1	3	0	-1	-1	1	0	-1	2	2	0	0	-1	0	0	0	-1	
1	108200	7-2-8-2
3	0	-1	-1	0	0	-1	-1	4	0	-1	-1	2	0	-1	-1	5	0	-1	-1	0	0	-1	-1	1	0	-1	-1	3	0	-1	-1	2	0	-1	-1	5	0	-1	-1	0	0	-1	-1	2	0	-1	-1	5	0	-1	-1	2	0	-1	-1	1	0	-1	-1	3	0	-1	-1	1	0	-1	-1	0	0	-1	-1	1	0	-1	-1	4	0	-1	-1	2	0	-1	-1	3	0	-1	-1	1	0	-1	-1	2	0	-1	-1	3	0	-1	-1	3	0	-1	-1	1	0	-1	-1	0	0	-1	-1	0	0	-1	-1	3	0	-1	-1	1	0	-1	-1	0	0	-1	-1	1	0	-1	-1	4	0	-1	-1	5	0	-1	-1	2	0	-1	-1	1	0	0	-1	2	0	0	-1	4	0	-1	-1	0	0	0	-1	3	0	0	-1	1	0	-1	1	2	0	-1	-1	5	0	-1	-1	0	0	-1	-1	0	0	0	-1	0	0	0	-1	2	0	-1	-1	4	0	0	-1	2	0	-1	2	5	0	-1	3	5	0	-1	-1	3	0	0	-1	3	0	-1	-1	5	0	0	-1	0	0	0	-1	1	0	-1	-1	0	0	0	-1	0	0	-1	0	5	0	-1	1	1	0	-1	-1	0	0	-1	-1	2	0	-1	-1	0	0	0	-1	1	0	0	-1	4	0	-1	-1	3	0	-1	-1	0	0	-1	-1	1	0	-1	-1	5	0	-1	0	2	0	0	-1	2	0	0	-1	4	0	0	-1	5	0	0	-1	2	0	-1	-1	1	0	0	-1	5	0	0	-1	3	0	-1	-1	1	0	-1	2	2	0	0	-1	0	0	0	-1	
1	109400	7-1-7-0
3	0	-1	-1	2	0	-1	-1	4	0	-1	-1	2	0	-1	-1	5	0	-1	-1	0	0	-1	-1	1	0	-1	-1	3	0	-1	-1	2	0	-1	-1	5	0	-1	-1	1	0	-1	-1	2	0	-1	-1	5	0	-1	-1	2	0	-1	-1	1	0	-1	-1	3	0	-1	-1	1	0	-1	-1	0	0	-1	-1	1	0	-1	-1	1	0	-1	-1	2	0	-1	-1	3	0	-1	-1	1	0	-1	-1	2	0	-1	-1	3	0	-1	-1	3	0	-1	-1	1	0	-1	-1	0	0	-1	-1	0	0	-1	-1	3	0	-1	-1	1	0	-1	-1	0	0	-1	-1	1	0	-1	-1	4	0	-1	-1	5	0	-1	-1	2	0	-1	-1	1	0	0	-1	0	0	0	-1	4	0	-1	-1	0	0	0	-1	3	0	0	-1	1	0	-1	1	2	0	-1	-1	5	0	-1	-1	0	0	-1	-1	0	0	0	-1	4	0	-1	-1	2	0	-1	-1	4	0	0	-1	2	0	-1	2	5	0	-1	3	5	0	-1	-1	3	0	0	-1	3	0	-1	-1	5	0	0	-1	0	0	-1	-1	1	0	-1	-1	0	0	0	-1	0	0	-1	0	5	0	-1	1	1	0	-1	-1	0	0	-1	-1	2	0	-1	-1	1	0	0	-1	2	0	-1	-1	4	0	-1	-1	3	0	-1	-1	0	0	-1	-1	1	0	-1	-1	5	0	-1	0	2	0	0	-1	2	0	0	-1	4	0	0	-1	5	0	0	-1	2	0	-1	-1	1	0	0	-1	5	0	0	-1	3	0	-1	-1	1	0	-1	2	2	0	0	-1	0	0	0	-1	
1	110600	4-0-4-1
0	0	-1	-1	2	0	-1	-1	4	0	-1	-1	2	0	-1	-1	5	0	-1	-1	0	0	-1	-1	1	0	-1	-1	3	0	-1	-1	2	0	-1	-1	3	0	-1	-1	1	0	-1	-1	2	0	-1	-1	5	0	-1	-1	2	0	-1	-1	1	0	-1	-1	3	0	-1	-1	1	0	-1	-1	0	0	-1	-1	5	0	-1	-1	1	0	-1	-1	2	0	-1	-1	3	0	-1	-1	1	0	-1	-1	2	0	-1	-1	3	0	-1	-1	3	0	-1	-1	1	0	-1	-1	3	0	-1	-1	0	0	-1	-1	3	0	-1	-1	1	0	-1	-1	0	0	-1	-1	1	0	-1	-1	4	0	-1	-1	5	0	-1	-1	2	0	-1	-1	5	0	-1	-1	1	0	0	-1	4	0	-1	-1	0	0	0	-1	3	0	0	-1	1	0	-1	1	2	0	-1	-1	5	0	-1	-1	0	0	-1	-1	1	0	-1	-1	4	0	-1	-1	2	0	-1	-1	4	0	0	-1	2	0	-1	2	5	0	-1	3	5	0	-1	-1	3	0	0	-1	3	0	-1	-1	5	0	0	-1	0	0	-1	-1	1	0	-1	-1	0	0	0	-1	0	0	-1	0	5	0	-1	1	1	0	-1	-1	0	0	-1	-1	2	0	-1	-1	1	0	0	-1	2	0	-1	-1	4	0	-1	-1	3	0	-1	-1	0	0	-1	-1	1	0	-1	-1	5	0	-1	0	2	0	0	-1	2	0	0	-1	4	0	0	-1	5	0	0	-1	2	0	-1	-1	1	0	0	-1	5	0	0	-1	3	0	-1	-1	1	0	-1	2	2	0	0	-1	0	0	0	-1	
1	111800	1-6-0-6
0	0	-1	-1	2	0	-1	-1	4	0	-1	-1	2	0	-1	-1	5	0	-1	-1	2	0	-1	-1	5	0	-1	-1	0	0	-1	-1	2	0	-1	-1	3	0	-1	-1	1	0	-1	-1	2	0	-1	-1	5	0	-1	-1	2	0	-1	-1	0	0	-1	-1	2	0	-1	-1	3	0	-1	-1	0	0	-1	-1	5	0	-1	-1	1	0	-1	-1	2	0	-1	-1	3	0	-1	-1	1	0	-1	-1	2	0	-1	-1	5	0	-1	-1	3	0	-1	-1	1	0	-1	-1	3	0	-1	-1	0	0	-1	-1	3	0	-1	-1	1	0	-1	-1	0	0	-1	-1	1	0	-1	-1	4	0	-1	-1	5	0	-1	-1	2	0	-1	-1	5	0	-1	-1	1	0	0	-1	4	0	-1	-1	0	0	0	-1	3	0	0	-1	1	0	-1	1	2	0	-1	-1	5	0	-1	-1	0	0	-1	-1	1	0	-1	-1	4	0	-1	-1	2	0	-1	-1	4	0	0	-1	2	0	-1	2	5	0	-1	3	5	0	-1	-1	3	0	0	-1	3	0	-1	-1	5	0	0	-1	0	0	-1	-1	1	0	-1	-1	0	0	0	-1	0	0	-1	0	5	0	-1	1	1	0	-1	-1	0	0	-1	-1	2	0	-1	-1	1	0	0	-1	2	0	-1	-1	4	0	-1	-1	3	0	-1	-1	0	0	-1	-1	1	0	-1	-1	5	0	-1	0	2	0	0	-1	2	0	0	-1	4	0	0	-1	5	0	0	-1	2	0	-1	-1	1	0	0	-1	5	0	0	-1	3	0	-1	-1	1	0	-1	2	2	0	0	-1	0	0	0	-1	
1	114800	0-2-0-3
0	0	-1	-1	2	0	-1	-1	1	0	-1	-1	4	0	-1	-1	5	0	-1	-1	2	0	-1	-1	5	0	-1	-1	0	0	-1	-1	2	0	-1	-1	3	0	-1	-1	1	0	-1	-1	4	0	-1	-1	5	0	-1	-1	2	0	-1	-1	0	0	-1	-1	2	0	-1	-1	3	0	-1	-1	0	0	-1	-1	5	0	-1	-1	1	0	-1	-1	4	0	-1	-1	3	0	-1	-1	1	0	-1	-1	2	0	-1	-1	5	0	-1	-1	3	0	-1	-1	1	0	-1	-1	3	0	-1	-1	0	0	-1	-1	3	0	-1	-1	1	0	-1	-1	0	0	-1	-1	1	0	-1	-1	4	0	-1	-1	5	0	-1	-1	2	0	-1	-1	5	0	-1	-1	1	0	0	-1	4	0	-1	-1	0	0	0	-1	3	0	0	-1	1	0	-1	1	2	0	-1	-1	5	0	-1	-1	0	0	-1	-1	1	0	-1	-1	4	0	-1	-1	2	0	-1	-1	4	0	0	-1	2	0	-1	2	5	0	-1	3	5	0	-1	-1	3	0	0	-1	3	0	-1	-1	5	0	0	-1	0	0	-1	-1	1	0	-1	-1	0	0	0	-1	0	0	-1	0	5	0	-1	1	1	0	-1	-1	0	0	-1	-1	2	0	-1	-1	1	0	0	-1	2	0	-1	-1	4	0	-1	-1	3	0	-1	-1	0	0	-1	-1	1	0	-1	-1	5	0	-1	0	2	0	0	-1	2	0	0	-1	4	0	0	-1	5	0	0	-1	2	0	-1	-1	1	0	0	-1	5	0	0	-1	3	0	-1	-1	1	0	-1	2	2	0	0	-1	0	0	0	-1	
1	116000	6-2-6-1
0	0	-1	-1	2	0	-1	-1	0	0	-1	-1	3	0	-1	-1	4	0	-1	-1	2	0	-1	-1	5	0	-1	-1	0	0	-1	-1	2	0	-1	-1	3	0	-1	-1	1	0	-1	-1	1	0	-1	-1	4	0	-1	-1	5	0	-1	-1	0	0	-1	-1	2	0	-1	-1	3	0	-1	-1	0	0	-1	-1	5	0	-1	-1	1	0	-1	-1	4	0	-1	-1	5	0	-1	-1	2	0	-1	-1	2	0	-1	-1	5	0	-1	-1	3	0	-1	-1	1	0	-1	-1	3	0	-1	-1	0	0	-1	-1	4	0	-1	-1	3	0	-1	-1	1	0	-1	-1	1	0	-1	-1	4	0	-1	-1	5	0	-1	-1	2	0	-1	-1	5	0	-1	-1	1	0	0	-1	3	0	-1	-1	1	0	0	-1	0	0	0	-1	1	0	-1	1	2	0	-1	-1	5	0	-1	-1	0	0	-1	-1	1	0	-1	-1	4	0	-1	-1	4	0	-1	-1	0	0	0	-1	3	0	-1	2	5	0	-1	3	5	0	-1	-1	3	0	0	-1	3	0	-1	-1	5	0	0	-1	1	0	-1	-1	2	0	-1	-1	4	0	-1	-1	2	0	-1	0	5	0	-1	1	1	0	-1	-1	0	0	-1	-1	2	0	-1	-1	1	0	0	-1	2	0	-1	-1	4	0	-1	-1	3	0	-1	-1	0	0	-1	-1	1	0	-1	-1	5	0	-1	0	2	0	0	-1	2	0	0	-1	4	0	0	-1	5	0	0	-1	2	0	-1	-1	1	0	0	-1	5	0	0	-1	3	0	-1	-1	1	0	-1	2	2	0	0	-1	0	0	0	-1	
1	116600	1-5-1-6
0	0	-1	-1	2	0	-1	-1	0	0	-1	-1	3	0	-1	-1	4	0	-1	-1	1	0	-1	-1	5	0	-1	-1	0	0	-1	-1	2	0	-1	-1	3	0	-1	-1	1	0	-1	-1	1	0	-1	-1	4	0	-1	-1	5	0	-1	-1	1	0	-1	-1	0	0	-1	-1	3	0	-1	-1	0	0	-1	-1	5	0	-1	-1	1	0	-1	-1	4	0	-1	-1	5	0	-1	-1	2	0	-1	-1	4	0	-1	-1	5	0	-1	-1	3	0	-1	-1	1	0	-1	-1	3	0	-1	-1	0	0	-1	-1	4	0	-1	-1	3	0	-1	-1	1	0	-1	-1	1	0	-1	-1	4	0	-1	-1	5	0	-1	-1	2	0	-1	-1	5	0	-1	-1	1	0	0	-1	3	0	-1	-1	1	0	0	-1	0	0	0	-1	1	0	-1	1	2	0	-1	-1	5	0	-1	-1	0	0	-1	-1	1	0	-1	-1	4	0	-1	-1	4	0	-1	-1	0	0	0	-1	3	0	-1	2	5	0	-1	3	5	0	-1	-1	3	0	0	-1	3	0	-1	-1	5	0	0	-1	1	0	-1	-1	2	0	-1	-1	4	0	-1	-1	2	0	-1	0	5	0	-1	1	1	0	-1	-1	0	0	-1	-1	2	0	-1	-1	1	0	0	-1	2	0	-1	-1	4	0	-1	-1	3	0	-1	-1	0	0	-1	-1	1	0	-1	-1	5	0	-1	0	2	0	0	-1	2	0	0	-1	4	0	0	-1	5	0	0	-1	2	0	-1	-1	1	0	0	-1	5	0	0	-1	3	0	-1	-1	1	0	-1	2	2	0	0	-1	0	0	0	-1	
1	117800	6-7-6-8
0	0	-1	-1	2	0	-1	-1	0	0	-1	-1	3	0	-1	-1	4	0	-1	-1	1	0	-1	-1	2	0	-1	-1	0	0	-1	-1	4	0	-1	-1	3	0	-1	-1	1	0	-1	-1	1	0	-1	-1	4	0	-1	-1	5	0	-1	-1	1	0	-1	-1	5	0	-1	-1	5	0	-1	-1	2	0	-1	-1	5	0	-1	-1	1	0	-1	-1	4	0	-1	-1	5	0	-1	-1	2	0	-1	-1	4	0	-1	-1	5	0	-1	-1	2	0	-1	-1	1	0	-1	-1	3	0	-1	-1	0	0	-1	-1	4	0	-1	-1	3	0	-1	-1	1	0	-1	-1	1	0	-1	-1	4	0	-1	-1	0	0	-1	-1	2	0	-1	-1	5	0	-1	-1	1	0	0	-1	3	0	-1	-1	1	0	0	-1	0	0	0	-1	1	0	-1	1	2	0	-1	-1	3	0	-1	-1	0	0	-1	-1	1	0	-1	-1	4	0	-1	-1	4	0	-1	-1	0	0	0	-1	3	0	-1	2	5	0	-1	3	5	0	-1	-1	3	0	0	-1	3	0	-1	-1	5	0	0	-1	1	0	-1	-1	2	0	-1	-1	4	0	-1	-1	2	0	-1	0	5	0	-1	1	1	0	-1	-1	5	0	-1	-1	0	0	-1	-1	1	0	0	-1	2	0	-1	-1	4	0	-1	-1	3	0	-1	-1	0	0	-1	-1	1	0	-1	-1	5	0	-1	0	5	0	-1	-1	2	0	0	-1	4	0	0	-1	5	0	0	-1	2	0	-1	-1	1	0	0	-1	5	0	0	-1	3	0	-1	-1	1	0	-1	2	3	0	-1	-1	0	0	0	-1	
2	128200	5-1-5-0
0	0	-1	-1	1	0	-1	-1	0	0	-1	-1	3	0	-1	-1	4	0	-1	-1	1	0	-1	-1	2	0	-1	-1	0	0	-1	-1	4	0	-1	-1	3	0	-1	-1	1	0	-1	-1	1	0	-1	-1	4	0	-1	-1	5	0	-1	-1	1	0	-1	-1	5	0	-1	-1	5	0	-1	-1	2	0	-1	-1	5	0	-1	-1	5	0	-1	-1	4	0	-1	-1	5	0	-1	-1	2	0	-1	-1	4	0	-1	-1	5	0	-1	-1	2	0	-1	-1	1	0	-1	-1	3	0	-1	-1	2	0	-1	-1	4	0	-1	-1	3	0	-1	-1	1	0	-1	-1	1	0	-1	-1	4	0	-1	-1	0	0	-1	-1	2	0	-1	-1	5	0	-1	-1	1	0	-1	-1	3	0	-1	-1	1	0	0	-1	0	0	0	-1	1	0	-1	1	2	0	-1	-1	3	0	-1	-1	0	0	-1	-1	4	0	-1	-1	1	0	-1	-1	4	0	-1	-1	0	0	0	-1	3	0	-1	2	5	0	-1	3	5	0	-1	-1	3	0	0	-1	3	0	-1	-1	5	0	0	-1	0	0	-1	-1	2	0	-1	-1	4	0	-1	-1	2	0	-1	0	5	0	-1	1	1	0	-1	-1	5	0	-1	-1	0	0	-1	-1	1	0	0	-1	2	0	-1	-1	4	0	-1	-1	3	0	-1	-1	0	0	-1	-1	1	0	-1	-1	5	0	-1	0	5	0	-1	-1	2	0	0	-1	4	0	0	-1	5	0	0	-1	2	0	-1	-1	1	0	0	-1	5	0	0	-1	3	0	-1	-1	1	0	-1	2	3	0	-1	-1	0	0	0	-1	
2	129400	4-2-5-2
0	0	-1	-1	3	0	-1	-1	0	0	-1	-1	5	0	-1	-1	4	0	-1	-1	1	0	-1	-1	2	0	-1	-1	0	0	-1	-1	4	0	-1	-1	3	0	-1	-1	0	0	-1	-1	5	0	-1	-1	3	0	-1	-1	5	0	-1	-1	1	0	-1	-1	5	0	-1	-1	5	0	-1	-1	2	0	-1	-1	5	0	-1	-1	4	0	-1	-1	5	0	-1	-1	4	0	-1	-1	2	0	-1	-1	4	0	-1	-1	5	0	-1	-1	2	0	-1	-1	1	0	-1	-1	3	0	-1	-1	5	0	-1	-1	1	0	-1	-1	5	0	-1	-1	1	0	-1	-1	1	0	-1	-1	4	0	-1	-1	0	0	-1	-1	2	0	-1	-1	5	0	-1	-1	2	0	-1	-1	0	0	-1	-1	3	0	-1	-1	0	0	0	-1	1	0	-1	1	2	0	-1	-1	3	0	-1	-1	0	0	-1	-1	4	0	-1	-1	1	0	-1	-1	3	0	-1	-1	0	0	0	-1	3	0	-1	2	5	0	-1	3	5	0	-1	-1	3	0	0	-1	3	0	-1	-1	5	0	0	-1	0	0	-1	-1	2	0	-1	-1	4	0	-1	-1	2	0	-1	0	5	0	-1	1	1	0	-1	-1	5	0	-1	-1	0	0	-1	-1	1	0	0	-1	2	0	-1	-1	4	0	-1	-1	3	0	-1	-1	0	0	-1	-1	1	0	-1	-1	5	0	-1	0	5	0	-1	-1	2	0	0	-1	4	0	0	-1	5	0	0	-1	2	0	-1	-1	1	0	0	-1	5	0	0	-1	3	0	-1	-1	1	0	-1	2	3	0	-1	-1	0	0	0	-1	
2	135400	5-7-6-7
0	0	-1	-1	3	0	-1	-1	0	0	-1	-1	5	0	-1	-1	4	0	-1	-1	3	0	-1	-1	3	0	-1	-1	0	0	-1	-1	4	0	-1	-1	3	0	-1	-1	0	0	-1	-1	5	0	-1	-1	3	0	-1	-1	5	0	-1	-1	4	0	-1	-1	2	0	-1	-1	0	0	-1	-1	2	0	-1	-1	5	0	-1	-1	4	0	-1	-1	5	0	-1	-1	4	0	-1	-1	2	0	-1	-1	2	0	-1	-1	5	0	-1	-1	5	0	-1	-1	1	0	-1	-1	3	0	-1	-1	5	0	-1	-1	1	0	-1	-1	5	0	-1	-1	1	0	-1	-1	4	0	-1	-1	5	0	-1	-1	2	0	-1	-1	2	0	-1	-1	5	0	-1	-1	2	0	-1	-1	0	0	-1	-1	3	0	-1	-1	0	0	0	-1	1	0	-1	1	4	0	-1	-1	0	0	-1	-1	0	0	-1	-1	4	0	-1	-1	1	0	-1	-1	3	0	-1	-1	0	0	0	-1	3	0	-1	2	1	0	-1	3	2	0	-1	-1	3	0	-1	-1	3	0	-1	-1	5	0	0	-1	0	0	-1	-1	2	0	-1	-1	4	0	-1	-1	2	0	-1	0	5	0	-1	1	1	0	-1	-1	3	0	-1	-1	0	0	-1	-1	1	0	0	-1	2	0	-1	-1	4	0	-1	-1	3	0	-1	-1	0	0	-1	-1	1	0	-1	-1	5	0	-1	0	5	0	-1	-1	2	0	0	-1	4	0	0	-1	5	0	0	-1	2	0	-1	-1	1	0	0	-1	5	0	0	-1	3	0	-1	-1	1	0	-1	2	3	0	-1	-1	0	0	0	-1	
2	138400	0-2-0-3
0	0	-1	-1	1	0	-1	-1	1	0	-1	-1	3	0	-1	-1	4	0	-1	-1	3	0	-1	-1	3	0	-1	-1	0	0	-1	-1	4	0	-1	-1	3	0	-1	-1	3	0	-1	-1	1	0	-1	-1	0	0	-1	-1	5	0	-1	-1	4	0	-1	-1	2	0	-1	-1	0	0	-1	-1	2	0	-1	-1	5	0	-1	-1	0	0	-1	-1	0	0	-1	-1	3	0	-1	-1	2	0	-1	-1	2	0	-1	-1	5	0	-1	-1	5	0	-1	-1	1	0	-1	-1	3	0	-1	-1	5	0	-1	-1	1	0	-1	-1	5	0	-1	-1	1	0	-1	-1	4	0	-1	-1	5	0	-1	-1	2	0	-1	-1	2	0	-1	-1	5	0	-1	-1	2	0	-1	-1	0	0	-1	-1	3	0	-1	-1	0	0	0	-1	1	0	-1	1	4	0	-1	-1	0	0	-1	-1	0	0	-1	-1	4	0	-1	-1	1	0	-1	-1	3	0	-1	-1	0	0	0	-1	3	0	-1	2	1	0	-1	3	2	0	-1	-1	3	0	-1	-1	3	0	-1	-1	5	0	0	-1	0	0	-1	-1	2	0	-1	-1	4	0	-1	-1	2	0	-1	0	5	0	-1	1	1	0	-1	-1	3	0	-1	-1	0	0	-1	-1	1	0	0	-1	2	0	-1	-1	4	0	-1	-1	3	0	-1	-1	0	0	-1	-1	1	0	-1	-1	5	0	-1	0	5	0	-1	-1	2	0	0	-1	4	0	0	-1	5	0	0	-1	2	0	-1	-1	1	0	0	-1	5	0	0	-1	3	0	-1	-1	1	0	-1	2	3	0	-1	-1	0	0	0	-1	
2	140800	3-0-3-1
3	0	-1	-1	4	0	-1	-1	2	0	-1	-1	4	0	-1	-1	4	0	-1	-1	3	0	-1	-1	3	0	-1	-1	0	0	-1	-1	4	0	-1	-1	4	0	-1	-1	1	0	-1	-1	4	0	-1	-1	3	0	-1	-1	5	0	-1	-1	4	0	-1	-1	2	0	-1	-1	0	0	-1	-1	2	0	-1	-1	2	0	-1	-1	1	0	-1	-1	1	0	-1	-1	0	0	-1	-1	2	0	-1	-1	2	0	-1	-1	5	0	-1	-1	5	0	-1	-1	1	0	-1	-1	0	0	-1	-1	3	0	-1	-1	3	3	-1	-1	5	0	-1	-1	1	0	-1	-1	4	0	-1	-1	5	0	-1	-1	2	0	-1	-1	2	0	-1	-1	3	0	-1	-1	2	0	-1	-1	0	0	-1	-1	3	0	-1	-1	0	0	0	-1	1	0	-1	1	4	0	-1	-1	0	0	-1	-1	0	0	-1	-1	4	0	-1	-1	1	0	-1	-1	3	0	-1	-1	0	0	0	-1	3	0	-1	2	1	0	-1	3	2	0	-1	-1	3	0	-1	-1	3	0	-1	-1	5	0	0	-1	0	0	-1	-1	2	0	-1	-1	4	0	-1	-1	2	0	-1	0	5	0	-1	1	1	0	-1	-1	3	0	-1	-1	0	0	-1	-1	1	0	0	-1	2	0	-1	-1	4	0	-1	-1	3	0	-1	-1	0	0	-1	-1	1	0	-1	-1	5	0	-1	0	5	0	-1	-1	2	0	0	-1	4	0	0	-1	5	0	0	-1	2	0	-1	-1	1	0	0	-1	5	0	0	-1	3	0	-1	-1	1	0	-1	2	3	0	-1	-1	0	0	0	-1	
2	152800	-1--1--1--1
