Preamble
===============================================================================
t = gem type
bt = bonus type
i = ice layer
mp = medal portion
mu = medals uncovered
s = score
a = action
tmo = total moves
tme = total medals
r = row
c = columns
-------------------------------------------------------------------------------
tmo	tme	r	c
===============================================================================
20	3	9	9
-------------------------------------------------------------------------------

Key for state and progress information.
2 lines represent a state-action pair:
t	bt	i	mp	t	bt	i	mp	t	bt	i	mp	t	bt	i	mp	t	bt	i	mp	t	bt	i	mp	t	bt	i	mp	t	bt	i	mp	t	bt	i	mp	t	bt	i	mp	t	bt	i	mp	t	bt	i	mp	t	bt	i	mp	t	bt	i	mp	t	bt	i	mp	t	bt	i	mp	t	bt	i	mp	t	bt	i	mp	t	bt	i	mp	t	bt	i	mp	t	bt	i	mp	t	bt	i	mp	t	bt	i	mp	t	bt	i	mp	t	bt	i	mp	t	bt	i	mp	t	bt	i	mp	t	bt	i	mp	t	bt	i	mp	t	bt	i	mp	t	bt	i	mp	t	bt	i	mp	t	bt	i	mp	t	bt	i	mp	t	bt	i	mp	t	bt	i	mp	t	bt	i	mp	t	bt	i	mp	t	bt	i	mp	t	bt	i	mp	t	bt	i	mp	t	bt	i	mp	t	bt	i	mp	t	bt	i	mp	t	bt	i	mp	t	bt	i	mp	t	bt	i	mp	t	bt	i	mp	t	bt	i	mp	t	bt	i	mp	t	bt	i	mp	t	bt	i	mp	t	bt	i	mp	t	bt	i	mp	t	bt	i	mp	t	bt	i	mp	t	bt	i	mp	t	bt	i	mp	t	bt	i	mp	t	bt	i	mp	t	bt	i	mp	t	bt	i	mp	t	bt	i	mp	t	bt	i	mp	t	bt	i	mp	t	bt	i	mp	t	bt	i	mp	t	bt	i	mp	t	bt	i	mp	t	bt	i	mp	t	bt	i	mp	t	bt	i	mp	t	bt	i	mp	t	bt	i	mp	t	bt	i	mp	t	bt	i	mp	t	bt	i	mp	t	bt	i	mp	t	bt	i	mp	t	bt	i	mp	t	bt	i	mp	
===============================================================================
mu	s	a
===============================================================================

2	0	-1	-1	3	0	-1	-1	0	0	-1	-1	1	0	-1	-1	1	0	-1	-1	4	0	-1	-1	1	0	-1	-1	1	0	-1	-1	5	0	-1	-1	3	0	-1	-1	2	0	-1	-1	3	0	-1	-1	1	0	-1	-1	4	0	-1	-1	2	0	-1	-1	0	0	-1	-1	5	0	-1	-1	5	0	-1	-1	0	0	-1	-1	1	0	-1	-1	3	0	-1	-1	4	0	-1	-1	4	0	-1	-1	3	0	-1	-1	4	0	-1	-1	0	0	-1	-1	2	0	-1	-1	5	0	-1	-1	2	0	-1	-1	5	0	-1	-1	2	0	-1	-1	5	0	-1	-1	4	0	-1	-1	3	0	-1	-1	0	0	-1	-1	5	0	-1	-1	1	0	0	-1	3	0	0	-1	2	0	0	-1	3	0	0	-1	1	0	0	-1	4	0	0	-1	0	0	0	-1	2	0	0	-1	1	0	0	-1	1	0	0	-1	4	0	0	-1	4	0	0	-1	0	0	0	-1	3	0	0	-1	2	0	0	-1	3	0	0	-1	1	0	0	-1	5	0	0	-1	0	0	0	-1	5	0	0	-1	4	0	0	-1	4	0	0	-1	5	0	0	-1	1	0	0	-1	5	0	0	-1	1	0	0	-1	3	0	0	-1	5	0	0	-1	1	0	0	-1	5	0	0	-1	5	0	0	-1	2	0	0	-1	0	0	0	-1	4	0	0	-1	5	0	0	-1	0	0	0	-1	3	0	0	-1	3	0	0	-1	1	0	0	-1	2	0	0	-1	0	0	0	-1	2	0	0	-1	3	0	0	-1	2	0	0	-1	3	0	0	-1	
0	0	7-2-8-2
2	0	-1	-1	3	0	-1	-1	0	0	-1	-1	1	0	-1	-1	1	0	-1	-1	4	0	-1	-1	1	0	-1	-1	1	0	-1	-1	5	0	-1	-1	3	0	-1	-1	2	0	-1	-1	3	0	-1	-1	1	0	-1	-1	4	0	-1	-1	2	0	-1	-1	0	0	-1	-1	5	0	-1	-1	5	0	-1	-1	0	0	-1	-1	1	0	-1	-1	3	0	-1	-1	4	0	-1	-1	4	0	-1	-1	3	0	-1	-1	4	0	-1	-1	0	0	-1	-1	2	0	-1	-1	5	0	-1	-1	2	0	-1	-1	5	0	-1	-1	2	0	-1	-1	5	0	-1	-1	4	0	-1	-1	3	0	-1	-1	0	0	-1	-1	5	0	-1	-1	1	0	0	-1	3	0	0	-1	2	0	0	-1	3	0	0	-1	1	0	0	-1	4	0	0	-1	0	0	0	-1	2	0	0	-1	1	0	0	-1	1	0	0	-1	4	0	0	-1	4	0	0	-1	0	0	0	-1	3	0	0	-1	2	0	0	-1	3	0	0	-1	1	0	0	-1	5	0	0	-1	0	0	0	-1	5	0	0	-1	4	0	0	-1	4	0	0	-1	5	0	0	-1	1	0	0	-1	5	0	0	-1	1	0	0	-1	3	0	0	-1	5	0	0	-1	1	0	0	-1	5	0	0	-1	5	0	0	-1	2	0	0	-1	0	0	0	-1	4	0	0	-1	5	0	0	-1	0	0	0	-1	3	0	0	-1	3	0	0	-1	1	0	0	-1	2	0	0	-1	0	0	0	-1	2	0	0	-1	3	0	0	-1	2	0	0	-1	3	0	0	-1	
0	0	6-1-7-1
3	0	-1	-1	3	0	-1	-1	0	0	-1	-1	4	0	-1	-1	1	0	-1	-1	4	0	-1	-1	1	0	-1	-1	1	0	-1	-1	5	0	-1	-1	2	0	-1	-1	2	0	-1	-1	0	0	-1	-1	1	0	-1	-1	4	0	-1	-1	2	0	-1	-1	0	0	-1	-1	5	0	-1	-1	5	0	-1	-1	3	0	-1	-1	1	0	-1	-1	3	0	-1	-1	1	0	-1	-1	4	0	-1	-1	3	0	-1	-1	4	0	-1	-1	0	0	-1	-1	2	0	-1	-1	0	0	-1	-1	2	0	-1	-1	3	0	-1	-1	4	0	-1	-1	5	0	-1	-1	4	0	-1	-1	3	0	-1	-1	0	0	-1	-1	5	0	-1	-1	5	0	0	-1	3	0	0	-1	5	0	0	-1	2	0	0	-1	1	0	0	-1	4	0	0	-1	0	0	0	-1	2	0	0	-1	1	0	0	-1	1	0	0	-1	4	0	0	-1	2	0	0	-1	3	0	0	-1	3	0	0	-1	2	0	0	-1	3	0	0	-1	1	0	0	-1	5	0	0	-1	1	0	0	-1	1	0	0	-1	4	0	0	-1	0	0	0	-1	5	0	0	-1	1	0	0	-1	5	0	0	-1	1	0	0	-1	3	0	0	-1	0	0	-1	-1	5	1	-1	-1	4	0	-1	-1	4	0	-1	2	2	0	0	-1	0	0	0	-1	4	0	0	-1	5	0	0	-1	0	0	0	-1	3	0	0	-1	3	0	0	-1	1	0	0	-1	2	0	0	-1	0	0	0	-1	2	0	0	-1	3	0	0	-1	2	0	0	-1	3	0	0	-1	
0	800	0-4-0-3
3	0	-1	-1	3	0	-1	-1	0	0	-1	-1	4	0	-1	-1	5	0	-1	-1	4	0	-1	-1	1	0	-1	-1	1	0	-1	-1	5	0	-1	-1	2	0	-1	-1	2	0	-1	-1	0	0	-1	-1	3	0	-1	-1	1	0	-1	-1	2	0	-1	-1	0	0	-1	-1	5	0	-1	-1	5	0	-1	-1	3	0	-1	-1	1	0	-1	-1	3	0	-1	-1	3	0	-1	-1	0	0	-1	-1	3	0	-1	-1	4	0	-1	-1	0	0	-1	-1	2	0	-1	-1	0	0	-1	-1	2	0	-1	-1	3	0	-1	-1	4	0	-1	-1	5	0	-1	-1	4	0	-1	-1	3	0	-1	-1	0	0	-1	-1	5	0	-1	-1	5	0	0	-1	3	0	0	-1	5	0	0	-1	2	0	0	-1	1	0	0	-1	4	0	0	-1	0	0	0	-1	2	0	0	-1	1	0	0	-1	1	0	0	-1	4	0	0	-1	2	0	0	-1	3	0	0	-1	3	0	0	-1	2	0	0	-1	3	0	0	-1	1	0	0	-1	5	0	0	-1	1	0	0	-1	1	0	0	-1	4	0	0	-1	0	0	0	-1	5	0	0	-1	1	0	0	-1	5	0	0	-1	1	0	0	-1	3	0	0	-1	0	0	-1	-1	5	1	-1	-1	4	0	-1	-1	4	0	-1	2	2	0	0	-1	0	0	0	-1	4	0	0	-1	5	0	0	-1	0	0	0	-1	3	0	0	-1	3	0	0	-1	1	0	0	-1	2	0	0	-1	0	0	0	-1	2	0	0	-1	3	0	0	-1	2	0	0	-1	3	0	0	-1	
0	3200	7-4-8-4
3	0	-1	-1	3	0	-1	-1	0	0	-1	-1	4	0	-1	-1	2	0	-1	-1	5	0	-1	-1	1	0	-1	-1	1	0	-1	-1	5	0	-1	-1	2	0	-1	-1	2	0	-1	-1	0	0	-1	-1	4	0	-1	-1	5	0	-1	-1	4	0	-1	-1	0	0	-1	-1	5	0	-1	-1	5	0	-1	-1	3	0	-1	-1	1	0	-1	-1	3	0	-1	-1	3	0	-1	-1	1	0	-1	-1	2	0	-1	-1	4	0	-1	-1	0	0	-1	-1	2	0	-1	-1	0	0	-1	-1	2	0	-1	-1	3	0	-1	-1	3	0	-1	-1	0	0	-1	-1	3	0	-1	-1	3	0	-1	-1	0	0	-1	-1	5	0	-1	-1	5	0	0	-1	3	0	0	-1	5	0	0	-1	4	0	0	-1	5	0	0	-1	4	0	0	-1	0	0	0	-1	2	0	0	-1	1	0	0	-1	1	0	0	-1	4	0	0	-1	2	0	0	-1	2	0	0	-1	1	0	0	-1	4	0	0	-1	3	0	0	-1	1	0	0	-1	5	0	0	-1	1	0	0	-1	1	0	0	-1	4	0	0	-1	3	0	0	-1	3	0	0	-1	2	0	0	-1	5	0	0	-1	1	0	0	-1	3	0	0	-1	0	0	-1	-1	5	1	-1	-1	4	0	-1	-1	0	0	-1	2	5	0	0	-1	1	0	0	-1	4	0	0	-1	5	0	0	-1	0	0	0	-1	3	0	0	-1	3	0	0	-1	1	0	0	-1	4	0	-1	-1	0	0	-1	-1	0	0	-1	-1	3	0	0	-1	2	0	0	-1	3	0	0	-1	
0	3800	4-8-4-7
3	0	-1	-1	3	0	-1	-1	0	0	-1	-1	4	0	-1	-1	2	0	-1	-1	5	0	-1	-1	1	0	-1	-1	1	0	-1	-1	5	0	-1	-1	2	0	-1	-1	2	0	-1	-1	0	0	-1	-1	4	0	-1	-1	5	0	-1	-1	4	0	-1	-1	0	0	-1	-1	3	0	-1	-1	5	0	-1	-1	3	0	-1	-1	1	0	-1	-1	3	0	-1	-1	3	0	-1	-1	1	0	-1	-1	2	0	-1	-1	4	0	-1	-1	2	0	-1	-1	2	0	-1	-1	0	0	-1	-1	2	0	-1	-1	3	0	-1	-1	3	0	-1	-1	0	0	-1	-1	3	0	-1	-1	3	0	-1	-1	1	0	-1	-1	5	0	-1	-1	5	0	0	-1	3	0	0	-1	5	0	0	-1	4	0	0	-1	5	0	0	-1	4	0	0	-1	0	0	0	-1	5	0	-1	-1	2	0	0	-1	1	0	0	-1	4	0	0	-1	2	0	0	-1	2	0	0	-1	1	0	0	-1	4	0	0	-1	3	0	0	-1	0	0	-1	1	5	0	0	-1	1	0	0	-1	1	0	0	-1	4	0	0	-1	3	0	0	-1	3	0	0	-1	2	0	0	-1	5	0	0	-1	0	0	-1	3	3	0	0	-1	0	0	-1	-1	5	1	-1	-1	4	0	-1	-1	0	0	-1	2	5	0	0	-1	1	0	0	-1	4	0	0	-1	5	0	0	-1	0	0	0	-1	3	0	0	-1	3	0	0	-1	1	0	0	-1	4	0	-1	-1	0	0	-1	-1	0	0	-1	-1	3	0	0	-1	2	0	0	-1	3	0	0	-1	
0	5000	4-1-4-2
3	0	-1	-1	3	0	-1	-1	2	0	-1	-1	4	0	-1	-1	2	0	-1	-1	5	0	-1	-1	1	0	-1	-1	1	0	-1	-1	5	0	-1	-1	2	0	-1	-1	2	0	-1	-1	3	0	-1	-1	4	0	-1	-1	5	0	-1	-1	4	0	-1	-1	0	0	-1	-1	3	0	-1	-1	5	0	-1	-1	3	0	-1	-1	1	0	-1	-1	3	0	-1	-1	3	0	-1	-1	1	0	-1	-1	2	0	-1	-1	4	0	-1	-1	2	0	-1	-1	2	0	-1	-1	0	0	-1	-1	2	0	-1	-1	0	0	-1	-1	3	0	-1	-1	0	0	-1	-1	3	0	-1	-1	3	0	-1	-1	1	0	-1	-1	5	0	-1	-1	5	0	0	-1	5	0	0	-1	0	0	-1	-1	4	0	0	-1	5	0	0	-1	4	0	0	-1	0	0	0	-1	5	0	-1	-1	2	0	0	-1	1	0	0	-1	4	0	0	-1	2	0	0	-1	2	0	0	-1	1	0	0	-1	4	0	0	-1	3	0	0	-1	0	0	-1	1	5	0	0	-1	1	0	0	-1	1	0	0	-1	4	0	0	-1	3	0	0	-1	3	0	0	-1	2	0	0	-1	5	0	0	-1	0	0	-1	3	3	0	0	-1	0	0	-1	-1	5	1	-1	-1	4	0	-1	-1	0	0	-1	2	5	0	0	-1	1	0	0	-1	4	0	0	-1	5	0	0	-1	0	0	0	-1	3	0	0	-1	3	0	0	-1	1	0	0	-1	4	0	-1	-1	0	0	-1	-1	0	0	-1	-1	3	0	0	-1	2	0	0	-1	3	0	0	-1	
0	6200	8-3-8-2
3	0	-1	-1	3	0	-1	-1	5	0	-1	-1	4	0	-1	-1	2	0	-1	-1	5	0	-1	-1	1	0	-1	-1	1	0	-1	-1	5	0	-1	-1	2	0	-1	-1	2	0	-1	-1	1	0	-1	-1	4	0	-1	-1	5	0	-1	-1	4	0	-1	-1	0	0	-1	-1	3	0	-1	-1	5	0	-1	-1	3	0	-1	-1	1	0	-1	-1	1	0	-1	-1	3	0	-1	-1	1	0	-1	-1	2	0	-1	-1	4	0	-1	-1	2	0	-1	-1	2	0	-1	-1	0	0	-1	-1	2	0	-1	-1	2	0	-1	-1	3	0	-1	-1	0	0	-1	-1	3	0	-1	-1	3	0	-1	-1	1	0	-1	-1	5	0	-1	-1	5	0	0	-1	5	0	0	-1	3	0	-1	-1	4	0	0	-1	5	0	0	-1	4	0	0	-1	0	0	0	-1	5	0	-1	-1	2	0	0	-1	1	0	0	-1	4	0	0	-1	3	0	0	-1	2	0	0	-1	1	0	0	-1	4	0	0	-1	3	0	0	-1	0	0	-1	1	5	0	0	-1	1	0	0	-1	1	0	0	-1	0	0	-1	-1	3	0	0	-1	3	0	0	-1	2	0	0	-1	5	0	0	-1	0	0	-1	3	3	0	0	-1	0	0	-1	-1	5	1	-1	-1	0	0	-1	-1	0	0	-1	2	5	0	0	-1	1	0	0	-1	4	0	0	-1	5	0	0	-1	0	0	0	-1	3	0	0	-1	3	0	0	-1	2	0	-1	-1	1	0	-1	-1	0	0	-1	-1	0	0	-1	-1	3	0	0	-1	2	0	0	-1	3	0	0	-1	
0	7400	7-4-8-4
3	0	-1	-1	3	0	-1	-1	0	0	-1	-1	0	0	-1	-1	3	0	-1	-1	5	0	-1	-1	1	0	-1	-1	1	0	-1	-1	5	0	-1	-1	2	0	-1	-1	2	0	-1	-1	5	0	-1	-1	4	0	-1	-1	2	0	-1	-1	4	0	-1	-1	0	0	-1	-1	3	0	-1	-1	5	0	-1	-1	3	0	-1	-1	1	0	-1	-1	1	0	-1	-1	4	0	-1	-1	5	0	-1	-1	2	0	-1	-1	4	0	-1	-1	2	0	-1	-1	2	0	-1	-1	0	0	-1	-1	2	0	-1	-1	1	0	-1	-1	3	0	-1	-1	1	0	-1	-1	3	0	-1	-1	3	0	-1	-1	1	0	-1	-1	5	0	-1	-1	5	0	0	-1	5	0	0	-1	2	0	-1	-1	3	0	0	-1	0	0	0	-1	4	0	0	-1	0	0	0	-1	5	0	-1	-1	2	0	0	-1	1	0	0	-1	4	0	0	-1	3	0	0	-1	4	0	0	-1	5	0	0	-1	4	0	0	-1	3	0	0	-1	0	0	-1	1	5	0	0	-1	1	0	0	-1	1	0	0	-1	3	0	-1	-1	2	0	0	-1	1	0	0	-1	2	0	0	-1	5	0	0	-1	0	0	-1	3	3	0	0	-1	0	0	-1	-1	5	1	-1	-1	0	0	-1	-1	3	0	-1	2	3	0	-1	3	1	0	0	-1	4	0	0	-1	5	0	0	-1	0	0	0	-1	3	0	0	-1	3	0	0	-1	2	0	-1	-1	1	0	-1	-1	5	0	-1	-1	0	0	-1	-1	3	0	0	-1	2	0	0	-1	3	0	0	-1	
0	8000	5-3-5-2
3	0	-1	-1	1	0	-1	-1	4	0	-1	-1	5	0	-1	-1	0	0	-1	-1	5	0	-1	-1	1	0	-1	-1	1	0	-1	-1	5	0	-1	-1	2	0	-1	-1	3	0	-1	-1	0	0	-1	-1	2	0	-1	-1	2	0	-1	-1	4	0	-1	-1	0	0	-1	-1	3	0	-1	-1	5	0	-1	-1	3	0	-1	-1	2	0	-1	-1	5	0	-1	-1	3	0	-1	-1	5	0	-1	-1	2	0	-1	-1	4	0	-1	-1	2	0	-1	-1	2	0	-1	-1	0	0	-1	-1	1	0	-1	-1	1	0	-1	-1	5	0	-1	-1	1	0	-1	-1	3	0	-1	-1	3	0	-1	-1	1	0	-1	-1	5	0	-1	-1	5	0	0	-1	2	0	0	-1	1	0	-1	-1	0	0	-1	-1	0	0	0	-1	4	0	0	-1	0	0	0	-1	5	0	-1	-1	2	0	0	-1	1	0	0	-1	5	0	-1	-1	2	0	-1	-1	4	0	-1	-1	5	0	0	-1	4	0	0	-1	3	0	0	-1	0	0	-1	1	5	0	0	-1	1	0	0	-1	1	0	0	-1	3	0	-1	-1	2	0	0	-1	1	0	0	-1	2	0	0	-1	5	0	0	-1	0	0	-1	3	3	0	0	-1	0	0	-1	-1	5	1	-1	-1	0	0	-1	-1	3	0	-1	2	3	0	-1	3	1	0	0	-1	4	0	0	-1	5	0	0	-1	0	0	0	-1	3	0	0	-1	3	0	0	-1	2	0	-1	-1	1	0	-1	-1	5	0	-1	-1	0	0	-1	-1	3	0	0	-1	2	0	0	-1	3	0	0	-1	
0	12200	4-6-4-5
3	0	-1	-1	1	0	-1	-1	4	0	-1	-1	1	0	-1	-1	4	0	-1	-1	4	0	-1	-1	1	0	-1	-1	1	0	-1	-1	5	0	-1	-1	2	0	-1	-1	3	0	-1	-1	0	0	-1	-1	5	0	-1	-1	0	0	-1	-1	5	0	-1	-1	0	0	-1	-1	3	0	-1	-1	5	0	-1	-1	3	0	-1	-1	2	0	-1	-1	5	0	-1	-1	2	0	-1	-1	2	0	-1	-1	4	0	-1	-1	4	0	-1	-1	2	0	-1	-1	2	0	-1	-1	0	0	-1	-1	1	0	-1	-1	1	0	-1	-1	3	0	-1	-1	5	0	-1	-1	2	0	-1	-1	3	0	-1	-1	1	0	-1	-1	5	0	-1	-1	5	0	0	-1	2	0	0	-1	1	0	-1	-1	5	0	-1	-1	1	0	-1	-1	3	0	-1	-1	4	0	0	-1	5	0	-1	-1	2	0	0	-1	1	0	0	-1	5	0	-1	-1	2	0	-1	-1	4	0	-1	-1	5	0	0	-1	4	0	0	-1	3	0	0	-1	0	0	-1	1	5	0	0	-1	1	0	0	-1	1	0	0	-1	3	0	-1	-1	2	0	0	-1	1	0	0	-1	2	0	0	-1	5	0	0	-1	0	0	-1	3	3	0	0	-1	0	0	-1	-1	5	1	-1	-1	0	0	-1	-1	3	0	-1	2	3	0	-1	3	1	0	0	-1	4	0	0	-1	5	0	0	-1	0	0	0	-1	3	0	0	-1	3	0	0	-1	2	0	-1	-1	1	0	-1	-1	5	0	-1	-1	0	0	-1	-1	3	0	0	-1	2	0	0	-1	3	0	0	-1	
0	12800	7-8-7-7
3	0	-1	-1	1	0	-1	-1	4	0	-1	-1	1	0	-1	-1	4	0	-1	-1	4	0	-1	-1	1	0	-1	-1	3	0	-1	-1	5	0	-1	-1	2	0	-1	-1	3	0	-1	-1	0	0	-1	-1	5	0	-1	-1	0	0	-1	-1	5	0	-1	-1	0	0	-1	-1	4	0	-1	-1	5	0	-1	-1	3	0	-1	-1	2	0	-1	-1	5	0	-1	-1	2	0	-1	-1	2	0	-1	-1	4	0	-1	-1	4	0	-1	-1	2	0	-1	-1	2	0	-1	-1	0	0	-1	-1	1	0	-1	-1	1	0	-1	-1	3	0	-1	-1	5	0	-1	-1	2	0	-1	-1	3	0	-1	-1	1	0	-1	-1	5	0	-1	-1	5	0	0	-1	2	0	0	-1	1	0	-1	-1	5	0	-1	-1	1	0	-1	-1	3	0	-1	-1	4	0	0	-1	3	0	-1	-1	2	0	0	-1	1	0	0	-1	5	0	-1	-1	2	0	-1	-1	4	0	-1	-1	5	0	0	-1	4	0	0	-1	3	0	0	-1	2	0	-1	1	5	0	0	-1	1	0	0	-1	1	0	0	-1	3	0	-1	-1	2	0	0	-1	1	0	0	-1	2	0	0	-1	5	0	0	-1	1	0	-1	3	3	0	0	-1	0	0	-1	-1	5	1	-1	-1	0	0	-1	-1	3	0	-1	2	3	0	-1	3	1	0	0	-1	4	0	0	-1	5	0	-1	1	5	0	0	-1	3	0	0	-1	3	0	0	-1	2	0	-1	-1	1	0	-1	-1	5	0	-1	-1	0	0	-1	-1	3	0	0	-1	2	0	0	-1	3	0	0	-1	
0	14000	6-6-7-6
3	0	-1	-1	1	0	-1	-1	4	0	-1	-1	1	0	-1	-1	4	0	-1	-1	4	0	-1	-1	2	0	-1	-1	1	0	-1	-1	2	0	-1	-1	2	0	-1	-1	3	0	-1	-1	0	0	-1	-1	5	0	-1	-1	0	0	-1	-1	5	0	-1	-1	1	0	-1	-1	3	0	-1	-1	5	0	-1	-1	3	0	-1	-1	2	0	-1	-1	5	0	-1	-1	2	0	-1	-1	2	0	-1	-1	4	0	-1	-1	0	0	-1	-1	4	0	-1	-1	5	0	-1	-1	0	0	-1	-1	1	0	-1	-1	1	0	-1	-1	3	0	-1	-1	5	0	-1	-1	2	0	-1	-1	4	0	-1	-1	2	0	-1	-1	2	0	-1	-1	5	0	0	-1	2	0	0	-1	1	0	-1	-1	5	0	-1	-1	1	0	-1	-1	3	0	-1	-1	3	0	0	-1	1	0	-1	-1	5	0	0	-1	1	0	0	-1	5	0	-1	-1	2	0	-1	-1	4	0	-1	-1	5	0	0	-1	4	0	0	-1	4	0	0	-1	3	0	-1	1	2	0	0	-1	1	0	0	-1	1	0	0	-1	3	0	-1	-1	2	0	0	-1	1	0	0	-1	2	0	0	-1	3	0	0	-1	2	0	-1	3	5	0	0	-1	0	0	-1	-1	5	1	-1	-1	0	0	-1	-1	3	0	-1	2	3	0	-1	3	1	0	0	-1	4	0	-1	0	1	0	-1	1	3	0	-1	-1	3	0	0	-1	3	0	0	-1	2	0	-1	-1	1	0	-1	-1	5	0	-1	-1	0	0	-1	-1	3	0	0	-1	2	0	0	-1	3	0	0	-1	
0	14600	5-7-5-6
3	0	-1	-1	1	0	-1	-1	4	0	-1	-1	1	0	-1	-1	4	0	-1	-1	4	0	-1	-1	5	0	-1	-1	1	0	-1	-1	5	0	-1	-1	2	0	-1	-1	3	0	-1	-1	0	0	-1	-1	5	0	-1	-1	0	0	-1	-1	5	0	-1	-1	0	0	-1	-1	1	0	-1	-1	3	0	-1	-1	3	0	-1	-1	2	0	-1	-1	5	0	-1	-1	2	0	-1	-1	2	0	-1	-1	4	0	-1	-1	5	0	-1	-1	3	0	-1	-1	3	0	-1	-1	0	0	-1	-1	1	0	-1	-1	1	0	-1	-1	3	0	-1	-1	5	0	-1	-1	2	1	-1	-1	1	0	-1	-1	4	0	-1	-1	1	0	-1	-1	5	0	0	-1	2	0	0	-1	1	0	-1	-1	5	0	-1	-1	1	0	-1	-1	3	0	-1	-1	1	0	-1	-1	1	0	-1	-1	2	0	-1	-1	1	0	0	-1	5	0	-1	-1	2	0	-1	-1	4	0	-1	-1	5	0	0	-1	4	0	0	-1	0	0	-1	-1	4	0	-1	1	2	0	0	-1	1	0	0	-1	1	0	0	-1	3	0	-1	-1	2	0	0	-1	1	0	0	-1	2	0	0	-1	4	0	-1	-1	2	0	-1	3	5	0	0	-1	0	0	-1	-1	5	1	-1	-1	0	0	-1	-1	3	0	-1	2	3	0	-1	3	1	0	0	-1	4	0	-1	0	1	0	-1	1	3	0	-1	-1	3	0	0	-1	3	0	0	-1	2	0	-1	-1	1	0	-1	-1	5	0	-1	-1	0	0	-1	-1	3	0	0	-1	2	0	0	-1	3	0	0	-1	
1	38000	6-2-7-2
2	0	-1	-1	5	0	-1	-1	3	0	-1	-1	5	0	-1	-1	2	0	-1	-1	3	0	-1	-1	0	0	-1	-1	4	0	-1	-1	0	0	-1	-1	3	0	-1	-1	1	0	-1	-1	0	0	-1	-1	3	0	-1	-1	1	0	-1	-1	4	0	-1	-1	5	0	-1	-1	1	0	-1	-1	5	0	-1	-1	2	0	-1	-1	3	0	-1	-1	4	0	-1	-1	1	0	-1	-1	4	0	-1	-1	5	0	-1	-1	0	0	-1	-1	1	0	-1	-1	3	0	-1	-1	3	0	-1	-1	2	0	-1	-1	0	0	-1	-1	5	0	-1	-1	0	0	-1	-1	4	0	-1	-1	5	0	-1	-1	3	0	-1	-1	3	0	-1	-1	5	0	0	-1	2	0	0	-1	1	0	-1	-1	3	0	-1	-1	5	0	-1	-1	3	0	-1	-1	1	0	-1	-1	1	0	-1	-1	2	0	-1	-1	1	0	0	-1	5	0	-1	-1	1	0	-1	-1	5	0	-1	-1	1	0	0	-1	4	0	0	-1	0	0	-1	-1	4	0	-1	1	2	0	0	-1	1	0	0	-1	1	0	0	-1	2	0	-1	-1	4	0	0	-1	5	0	0	-1	2	0	0	-1	4	0	-1	-1	2	0	-1	3	5	0	0	-1	0	0	-1	-1	5	1	-1	-1	0	0	-1	-1	2	0	-1	2	1	0	-1	3	1	0	0	-1	4	0	-1	0	1	0	-1	1	3	0	-1	-1	3	0	0	-1	3	0	0	-1	2	0	-1	-1	1	0	-1	-1	5	0	-1	-1	0	0	-1	-1	3	0	0	-1	2	0	0	-1	3	0	0	-1	
1	43000	5-7-5-6
2	0	-1	-1	5	0	-1	-1	3	0	-1	-1	5	0	-1	-1	2	0	-1	-1	4	0	-1	-1	2	0	-1	-1	4	0	-1	-1	0	0	-1	-1	3	0	-1	-1	1	0	-1	-1	0	0	-1	-1	3	0	-1	-1	1	0	-1	-1	3	0	-1	-1	4	0	-1	-1	4	0	-1	-1	5	0	-1	-1	2	0	-1	-1	3	0	-1	-1	4	0	-1	-1	1	0	-1	-1	4	0	-1	-1	4	0	-1	-1	0	0	-1	-1	1	0	-1	-1	3	0	-1	-1	3	0	-1	-1	2	0	-1	-1	0	0	-1	-1	5	0	-1	-1	0	0	-1	-1	5	0	-1	-1	5	0	-1	-1	1	0	-1	-1	3	0	-1	-1	5	0	0	-1	2	0	0	-1	1	0	-1	-1	3	0	-1	-1	5	0	-1	-1	4	0	-1	-1	0	0	-1	-1	3	0	-1	-1	2	0	-1	-1	1	0	0	-1	5	0	-1	-1	1	0	-1	-1	5	0	-1	-1	1	0	0	-1	3	0	0	-1	5	0	-1	-1	1	0	-1	1	2	0	0	-1	1	0	0	-1	1	0	0	-1	2	0	-1	-1	4	0	0	-1	5	0	0	-1	4	0	0	-1	0	0	-1	-1	0	0	-1	3	5	0	0	-1	0	0	-1	-1	5	1	-1	-1	0	0	-1	-1	2	0	-1	2	1	1	-1	3	2	0	-1	-1	5	0	-1	0	2	0	-1	1	3	0	-1	-1	3	0	0	-1	3	0	0	-1	2	0	-1	-1	1	0	-1	-1	5	0	-1	-1	0	0	-1	-1	3	0	0	-1	2	0	0	-1	3	0	0	-1	
1	45800	5-2-6-2
2	0	-1	-1	4	0	-1	-1	0	0	-1	-1	5	0	-1	-1	2	0	-1	-1	4	0	-1	-1	2	0	-1	-1	4	0	-1	-1	0	0	-1	-1	2	0	-1	-1	5	0	-1	-1	3	0	-1	-1	3	0	-1	-1	1	0	-1	-1	3	0	-1	-1	4	0	-1	-1	4	0	-1	-1	5	0	-1	-1	3	0	-1	-1	1	0	-1	-1	0	0	-1	-1	1	0	-1	-1	4	0	-1	-1	4	0	-1	-1	0	0	-1	-1	1	0	-1	-1	3	0	-1	-1	2	0	-1	-1	3	0	-1	-1	4	0	-1	-1	5	0	-1	-1	0	0	-1	-1	5	0	-1	-1	5	0	-1	-1	1	0	-1	-1	3	0	-1	-1	3	0	0	-1	2	0	0	-1	0	0	-1	-1	3	0	-1	-1	5	0	-1	-1	4	0	-1	-1	0	0	-1	-1	3	0	-1	-1	2	0	-1	-1	5	0	0	-1	2	0	-1	-1	1	0	-1	-1	5	0	-1	-1	1	0	0	-1	3	0	0	-1	5	0	-1	-1	1	0	-1	1	2	0	0	-1	1	0	-1	-1	5	0	-1	-1	2	0	-1	-1	4	0	0	-1	5	0	0	-1	4	0	0	-1	0	0	-1	-1	0	0	-1	3	5	0	0	-1	0	0	-1	-1	5	1	-1	-1	0	0	-1	-1	2	0	-1	2	1	1	-1	3	2	0	-1	-1	5	0	-1	0	2	0	-1	1	3	0	-1	-1	3	0	0	-1	3	0	0	-1	2	0	-1	-1	1	0	-1	-1	5	0	-1	-1	0	0	-1	-1	3	0	0	-1	2	0	0	-1	3	0	0	-1	
1	46400	5-0-5-1
2	0	-1	-1	3	0	-1	-1	0	0	-1	-1	5	0	-1	-1	2	0	-1	-1	4	0	-1	-1	2	0	-1	-1	4	0	-1	-1	0	0	-1	-1	2	0	-1	-1	4	0	-1	-1	3	0	-1	-1	3	0	-1	-1	1	0	-1	-1	3	0	-1	-1	4	0	-1	-1	4	0	-1	-1	5	0	-1	-1	3	0	-1	-1	2	0	-1	-1	0	0	-1	-1	1	0	-1	-1	4	0	-1	-1	4	0	-1	-1	0	0	-1	-1	1	0	-1	-1	3	0	-1	-1	2	0	-1	-1	1	0	-1	-1	4	0	-1	-1	5	0	-1	-1	0	0	-1	-1	5	0	-1	-1	5	0	-1	-1	1	0	-1	-1	3	0	-1	-1	3	0	0	-1	3	0	-1	-1	0	0	-1	-1	3	0	-1	-1	5	0	-1	-1	4	0	-1	-1	0	0	-1	-1	3	0	-1	-1	2	0	-1	-1	2	0	0	-1	0	0	-1	-1	1	0	-1	-1	5	0	-1	-1	1	0	0	-1	3	0	0	-1	5	0	-1	-1	1	0	-1	1	2	0	0	-1	1	0	-1	-1	5	0	-1	-1	2	0	-1	-1	4	0	0	-1	5	0	0	-1	4	0	0	-1	0	0	-1	-1	0	0	-1	3	5	0	0	-1	0	0	-1	-1	2	0	-1	-1	0	0	-1	-1	2	0	-1	2	1	1	-1	3	2	0	-1	-1	5	0	-1	0	2	0	-1	1	3	0	-1	-1	3	0	0	-1	1	0	-1	-1	2	0	-1	-1	1	0	-1	-1	5	0	-1	-1	0	0	-1	-1	3	0	0	-1	2	0	0	-1	3	0	0	-1	
1	57400	7-3-7-2
2	0	-1	-1	2	0	-1	-1	4	0	-1	-1	5	0	-1	-1	2	0	-1	-1	4	0	-1	-1	2	0	-1	-1	4	0	-1	-1	0	0	-1	-1	2	0	-1	-1	2	0	-1	-1	3	0	-1	-1	3	0	-1	-1	1	0	-1	-1	3	0	-1	-1	4	0	-1	-1	4	0	-1	-1	5	0	-1	-1	3	0	-1	-1	3	0	-1	-1	1	0	-1	-1	5	0	-1	-1	4	0	-1	-1	4	0	-1	-1	0	0	-1	-1	1	0	-1	-1	3	0	-1	-1	2	0	-1	-1	4	0	-1	-1	4	0	-1	-1	3	0	-1	-1	0	0	-1	-1	5	0	-1	-1	5	0	-1	-1	1	0	-1	-1	3	0	-1	-1	3	1	-1	-1	2	0	-1	-1	4	0	-1	-1	1	0	-1	-1	5	0	-1	-1	4	0	-1	-1	0	0	-1	-1	3	0	-1	-1	2	0	-1	-1	2	0	0	-1	1	0	-1	-1	0	1	-1	-1	5	0	-1	-1	1	0	0	-1	3	0	0	-1	5	0	-1	-1	1	0	-1	1	2	0	0	-1	1	0	-1	-1	0	0	-1	-1	0	0	-1	-1	5	0	0	-1	5	0	0	-1	4	0	0	-1	0	0	-1	-1	0	0	-1	3	5	0	0	-1	0	0	-1	-1	5	0	-1	-1	4	0	-1	-1	4	0	-1	2	1	1	-1	3	2	0	-1	-1	5	0	-1	0	2	0	-1	1	3	0	-1	-1	3	0	0	-1	2	0	-1	-1	0	0	-1	-1	0	0	-1	-1	5	0	-1	-1	0	0	-1	-1	3	0	0	-1	2	0	0	-1	3	0	0	-1	
1	71800	4-4-4-3
2	0	-1	-1	2	0	-1	-1	4	0	-1	-1	2	0	-1	-1	2	0	-1	-1	4	0	-1	-1	2	0	-1	-1	4	0	-1	-1	0	0	-1	-1	2	0	-1	-1	2	0	-1	-1	3	0	-1	-1	2	0	-1	-1	1	0	-1	-1	3	0	-1	-1	4	0	-1	-1	4	0	-1	-1	5	0	-1	-1	3	0	-1	-1	3	0	-1	-1	1	0	-1	-1	0	0	-1	-1	4	0	-1	-1	4	0	-1	-1	0	0	-1	-1	1	0	-1	-1	3	0	-1	-1	2	0	-1	-1	4	0	-1	-1	4	0	-1	-1	5	0	-1	-1	0	0	-1	-1	5	0	-1	-1	5	0	-1	-1	1	0	-1	-1	3	0	-1	-1	3	1	-1	-1	2	0	-1	-1	4	0	-1	-1	3	0	-1	-1	1	0	-1	-1	4	0	-1	-1	0	0	-1	-1	3	0	-1	-1	2	0	-1	-1	2	0	0	-1	1	0	-1	-1	0	1	-1	-1	5	0	-1	-1	1	0	0	-1	3	0	0	-1	5	0	-1	-1	1	0	-1	1	2	0	0	-1	1	0	-1	-1	0	0	-1	-1	0	0	-1	-1	3	0	-1	0	5	0	0	-1	4	0	0	-1	0	0	-1	-1	0	0	-1	3	5	0	0	-1	0	0	-1	-1	5	0	-1	-1	4	0	-1	-1	4	0	-1	2	1	1	-1	3	2	0	-1	-1	5	0	-1	0	2	0	-1	1	3	0	-1	-1	3	0	0	-1	2	0	-1	-1	0	0	-1	-1	0	0	-1	-1	5	0	-1	-1	0	0	-1	-1	3	0	0	-1	2	0	0	-1	3	0	0	-1	
1	73000	6-4-7-4
2	0	-1	-1	2	0	-1	-1	4	0	-1	-1	2	0	-1	-1	2	0	-1	-1	1	0	-1	-1	4	0	-1	-1	4	0	-1	-1	0	0	-1	-1	2	0	-1	-1	2	0	-1	-1	3	0	-1	-1	2	0	-1	-1	5	0	-1	-1	4	0	-1	-1	2	0	-1	-1	4	0	-1	-1	5	0	-1	-1	3	0	-1	-1	3	0	-1	-1	1	0	-1	-1	0	0	-1	-1	3	0	-1	-1	3	0	-1	-1	4	0	-1	-1	1	0	-1	-1	3	0	-1	-1	2	0	-1	-1	4	0	-1	-1	4	0	-1	-1	5	1	-1	-1	5	0	-1	-1	4	0	-1	-1	0	0	-1	-1	1	0	-1	-1	3	0	-1	-1	3	1	-1	-1	2	0	-1	-1	4	0	-1	-1	3	0	-1	-1	3	0	-1	-1	4	0	-1	-1	0	0	-1	-1	3	0	-1	-1	2	0	-1	-1	2	0	0	-1	1	0	-1	-1	0	1	-1	-1	5	0	-1	-1	2	0	-1	-1	3	0	0	-1	5	0	-1	-1	1	0	-1	1	2	0	0	-1	1	0	-1	-1	0	0	-1	-1	0	0	-1	-1	3	0	-1	0	3	0	-1	-1	4	0	0	-1	0	0	-1	-1	0	0	-1	3	5	0	0	-1	0	0	-1	-1	5	0	-1	-1	4	0	-1	-1	4	0	-1	2	3	0	-1	3	2	0	-1	-1	5	0	-1	0	2	0	-1	1	3	0	-1	-1	3	0	0	-1	2	0	-1	-1	0	0	-1	-1	0	0	-1	-1	2	0	-1	-1	0	0	-1	-1	3	0	0	-1	2	0	0	-1	3	0	0	-1	
2	111000	2-6-2-5
2	0	-1	-1	2	0	-1	-1	4	0	-1	-1	2	0	-1	-1	2	0	-1	-1	3	0	-1	-1	4	0	-1	-1	4	0	-1	-1	0	0	-1	-1	2	0	-1	-1	2	0	-1	-1	3	0	-1	-1	2	0	-1	-1	5	0	-1	-1	5	0	-1	-1	2	0	-1	-1	4	0	-1	-1	5	0	-1	-1	3	0	-1	-1	3	0	-1	-1	1	0	-1	-1	0	0	-1	-1	3	0	-1	-1	2	0	-1	-1	3	0	-1	-1	1	0	-1	-1	3	0	-1	-1	2	0	-1	-1	4	0	-1	-1	4	0	-1	-1	5	1	-1	-1	5	0	-1	-1	1	0	-1	-1	0	0	-1	-1	1	0	-1	-1	3	0	-1	-1	3	1	-1	-1	2	0	-1	-1	4	0	-1	-1	3	0	-1	-1	3	0	-1	-1	4	1	-1	-1	0	0	-1	-1	3	0	-1	-1	2	0	-1	-1	2	0	0	-1	1	0	-1	-1	0	1	-1	-1	5	0	-1	-1	2	0	-1	-1	3	0	0	-1	5	0	-1	-1	1	0	-1	1	2	0	0	-1	1	0	-1	-1	0	0	-1	-1	0	0	-1	-1	3	0	-1	0	3	0	-1	-1	4	0	0	-1	0	0	-1	-1	0	0	-1	3	5	0	0	-1	0	0	-1	-1	5	0	-1	-1	4	0	-1	-1	4	0	-1	2	3	0	-1	3	2	0	-1	-1	5	0	-1	0	2	0	-1	1	3	0	-1	-1	3	0	0	-1	2	0	-1	-1	0	0	-1	-1	0	0	-1	-1	2	0	-1	-1	0	0	-1	-1	3	0	0	-1	2	0	0	-1	3	0	0	-1	
2	112600	-1--1--1--1
