Preamble
===============================================================================
t = gem type
bt = bonus type
i = ice layer
mp = medal portion
mu = medals uncovered
s = score
a = action
tmo = total moves
tme = total medals
r = row
c = columns
-------------------------------------------------------------------------------
tmo	tme	r	c
===============================================================================
26	3	9	9
-------------------------------------------------------------------------------

Key for state and progress information.
2 lines represent a state-action pair:
t	bt	i	mp	t	bt	i	mp	t	bt	i	mp	t	bt	i	mp	t	bt	i	mp	t	bt	i	mp	t	bt	i	mp	t	bt	i	mp	t	bt	i	mp	t	bt	i	mp	t	bt	i	mp	t	bt	i	mp	t	bt	i	mp	t	bt	i	mp	t	bt	i	mp	t	bt	i	mp	t	bt	i	mp	t	bt	i	mp	t	bt	i	mp	t	bt	i	mp	t	bt	i	mp	t	bt	i	mp	t	bt	i	mp	t	bt	i	mp	t	bt	i	mp	t	bt	i	mp	t	bt	i	mp	t	bt	i	mp	t	bt	i	mp	t	bt	i	mp	t	bt	i	mp	t	bt	i	mp	t	bt	i	mp	t	bt	i	mp	t	bt	i	mp	t	bt	i	mp	t	bt	i	mp	t	bt	i	mp	t	bt	i	mp	t	bt	i	mp	t	bt	i	mp	t	bt	i	mp	t	bt	i	mp	t	bt	i	mp	t	bt	i	mp	t	bt	i	mp	t	bt	i	mp	t	bt	i	mp	t	bt	i	mp	t	bt	i	mp	t	bt	i	mp	t	bt	i	mp	t	bt	i	mp	t	bt	i	mp	t	bt	i	mp	t	bt	i	mp	t	bt	i	mp	t	bt	i	mp	t	bt	i	mp	t	bt	i	mp	t	bt	i	mp	t	bt	i	mp	t	bt	i	mp	t	bt	i	mp	t	bt	i	mp	t	bt	i	mp	t	bt	i	mp	t	bt	i	mp	t	bt	i	mp	t	bt	i	mp	t	bt	i	mp	t	bt	i	mp	t	bt	i	mp	t	bt	i	mp	t	bt	i	mp	t	bt	i	mp	t	bt	i	mp	t	bt	i	mp	t	bt	i	mp	t	bt	i	mp	t	bt	i	mp	
===============================================================================
mu	s	a
===============================================================================

2	0	-1	-1	0	0	-1	-1	4	0	-1	-1	2	0	-1	-1	3	0	-1	-1	1	0	-1	-1	4	0	-1	-1	5	0	-1	-1	3	0	-1	-1	0	0	-1	-1	2	0	-1	-1	4	0	-1	-1	1	0	-1	-1	2	0	-1	-1	5	0	-1	-1	0	0	-1	-1	1	0	-1	-1	0	0	-1	-1	1	0	-1	-1	5	0	-1	-1	2	0	-1	-1	2	0	-1	-1	5	0	-1	-1	4	0	-1	-1	2	0	-1	-1	3	0	-1	-1	4	0	-1	-1	0	0	-1	-1	0	0	-1	-1	3	0	-1	-1	5	0	-1	-1	1	0	-1	-1	0	0	-1	-1	2	0	-1	-1	5	0	-1	-1	1	0	-1	-1	1	0	0	-1	0	0	0	-1	3	0	0	-1	5	0	0	-1	3	0	0	-1	2	0	0	-1	0	0	0	-1	5	0	0	-1	5	0	0	-1	3	0	0	-1	4	0	0	-1	0	0	0	-1	4	0	0	-1	2	0	0	-1	0	0	0	-1	2	0	0	-1	2	0	0	-1	4	0	0	-1	5	0	0	-1	1	0	0	-1	5	0	0	-1	0	0	0	-1	2	0	0	-1	2	0	0	-1	1	0	0	-1	1	0	0	-1	2	0	0	-1	3	0	0	-1	1	0	0	-1	2	0	0	-1	5	0	0	-1	4	0	0	-1	4	0	0	-1	0	0	0	-1	5	0	0	-1	5	0	0	-1	5	0	0	-1	4	0	0	-1	5	0	0	-1	3	0	0	-1	3	0	0	-1	4	0	0	-1	1	0	0	-1	1	0	0	-1	0	0	0	-1	
0	0	1-3-1-4
2	0	-1	-1	0	0	-1	-1	4	0	-1	-1	4	0	-1	-1	3	0	-1	-1	1	0	-1	-1	4	0	-1	-1	5	0	-1	-1	3	0	-1	-1	0	0	-1	-1	2	0	-1	-1	4	0	-1	-1	1	0	-1	-1	1	0	-1	-1	5	0	-1	-1	0	0	-1	-1	1	0	-1	-1	0	0	-1	-1	1	0	-1	-1	5	0	-1	-1	2	0	-1	-1	2	0	-1	-1	5	0	-1	-1	4	0	-1	-1	2	0	-1	-1	3	0	-1	-1	4	0	-1	-1	0	0	-1	-1	0	0	-1	-1	3	0	-1	-1	5	0	-1	-1	1	0	-1	-1	0	0	-1	-1	2	0	-1	-1	5	0	-1	-1	1	0	-1	-1	1	0	0	-1	0	0	0	-1	3	0	0	-1	5	0	0	-1	3	0	0	-1	2	0	0	-1	0	0	0	-1	5	0	0	-1	5	0	0	-1	3	0	0	-1	4	0	0	-1	0	0	0	-1	4	0	0	-1	2	0	0	-1	0	0	0	-1	2	0	0	-1	2	0	0	-1	4	0	0	-1	5	0	0	-1	1	0	0	-1	5	0	0	-1	0	0	0	-1	2	0	0	-1	2	0	0	-1	1	0	0	-1	1	0	0	-1	2	0	0	-1	3	0	0	-1	1	0	0	-1	2	0	0	-1	5	0	0	-1	4	0	0	-1	4	0	0	-1	0	0	0	-1	5	0	0	-1	5	0	0	-1	5	0	0	-1	4	0	0	-1	5	0	0	-1	3	0	0	-1	3	0	0	-1	4	0	0	-1	1	0	0	-1	1	0	0	-1	0	0	0	-1	
0	1200	5-5-5-6
2	0	-1	-1	0	0	-1	-1	4	0	-1	-1	4	0	-1	-1	3	0	-1	-1	4	0	-1	-1	4	0	-1	-1	5	0	-1	-1	3	0	-1	-1	0	0	-1	-1	2	0	-1	-1	4	0	-1	-1	1	0	-1	-1	1	0	-1	-1	4	0	-1	-1	0	0	-1	-1	1	0	-1	-1	0	0	-1	-1	1	0	-1	-1	5	0	-1	-1	2	0	-1	-1	2	0	-1	-1	5	0	-1	-1	1	0	-1	-1	2	0	-1	-1	3	0	-1	-1	4	0	-1	-1	0	0	-1	-1	0	0	-1	-1	3	0	-1	-1	5	0	-1	-1	1	0	-1	-1	1	0	-1	-1	2	0	-1	-1	5	0	-1	-1	1	0	-1	-1	1	0	0	-1	0	0	0	-1	3	0	0	-1	5	0	0	-1	3	0	0	-1	5	0	-1	-1	0	0	0	-1	5	0	0	-1	5	0	0	-1	3	0	0	-1	4	0	0	-1	0	0	0	-1	4	0	0	-1	2	0	0	-1	4	0	-1	-1	0	0	0	-1	2	0	0	-1	4	0	0	-1	5	0	0	-1	1	0	0	-1	5	0	0	-1	0	0	0	-1	2	0	0	-1	0	0	-1	-1	1	0	0	-1	1	0	0	-1	2	0	0	-1	3	0	0	-1	1	0	0	-1	2	0	0	-1	5	0	0	-1	4	0	0	-1	4	0	0	-1	0	0	0	-1	5	0	0	-1	5	0	0	-1	5	0	0	-1	4	0	0	-1	5	0	0	-1	3	0	0	-1	3	0	0	-1	4	0	0	-1	1	0	0	-1	1	0	0	-1	0	0	0	-1	
0	2400	0-4-0-3
2	0	-1	-1	0	0	-1	-1	4	0	-1	-1	3	0	-1	-1	3	0	-1	-1	1	0	-1	-1	5	0	-1	-1	5	0	-1	-1	3	0	-1	-1	0	0	-1	-1	2	0	-1	-1	4	0	-1	-1	1	0	-1	-1	1	0	-1	-1	4	0	-1	-1	0	0	-1	-1	1	0	-1	-1	0	0	-1	-1	1	0	-1	-1	5	0	-1	-1	2	0	-1	-1	2	0	-1	-1	5	0	-1	-1	1	0	-1	-1	2	0	-1	-1	3	0	-1	-1	4	0	-1	-1	0	0	-1	-1	0	0	-1	-1	3	0	-1	-1	5	0	-1	-1	1	0	-1	-1	1	0	-1	-1	2	0	-1	-1	5	0	-1	-1	1	0	-1	-1	1	0	0	-1	0	0	0	-1	3	0	0	-1	5	0	0	-1	3	0	0	-1	5	0	-1	-1	0	0	0	-1	5	0	0	-1	5	0	0	-1	3	0	0	-1	4	0	0	-1	0	0	0	-1	4	0	0	-1	2	0	0	-1	4	0	-1	-1	0	0	0	-1	2	0	0	-1	4	0	0	-1	5	0	0	-1	1	0	0	-1	5	0	0	-1	0	0	0	-1	2	0	0	-1	0	0	-1	-1	1	0	0	-1	1	0	0	-1	2	0	0	-1	3	0	0	-1	1	0	0	-1	2	0	0	-1	5	0	0	-1	4	0	0	-1	4	0	0	-1	0	0	0	-1	5	0	0	-1	5	0	0	-1	5	0	0	-1	4	0	0	-1	5	0	0	-1	3	0	0	-1	3	0	0	-1	4	0	0	-1	1	0	0	-1	1	0	0	-1	0	0	0	-1	
0	3000	1-5-2-5
2	0	-1	-1	0	0	-1	-1	4	0	-1	-1	0	0	-1	-1	4	0	-1	-1	2	0	-1	-1	5	0	-1	-1	5	0	-1	-1	3	0	-1	-1	0	0	-1	-1	2	0	-1	-1	4	0	-1	-1	3	0	-1	-1	3	0	-1	-1	1	0	-1	-1	0	0	-1	-1	1	0	-1	-1	0	0	-1	-1	1	0	-1	-1	5	0	-1	-1	2	0	-1	-1	2	0	-1	-1	5	0	-1	-1	4	0	-1	-1	2	0	-1	-1	3	0	-1	-1	4	0	-1	-1	0	0	-1	-1	0	0	-1	-1	3	0	-1	-1	5	0	-1	-1	1	0	-1	-1	1	0	-1	-1	2	0	-1	-1	5	0	-1	-1	1	0	-1	-1	1	0	0	-1	0	0	0	-1	3	0	0	-1	5	0	0	-1	3	0	0	-1	5	0	-1	-1	0	0	0	-1	5	0	0	-1	5	0	0	-1	3	0	0	-1	4	0	0	-1	0	0	0	-1	4	0	0	-1	2	0	0	-1	4	0	-1	-1	0	0	0	-1	2	0	0	-1	4	0	0	-1	5	0	0	-1	1	0	0	-1	5	0	0	-1	0	0	0	-1	2	0	0	-1	0	0	-1	-1	1	0	0	-1	1	0	0	-1	2	0	0	-1	3	0	0	-1	1	0	0	-1	2	0	0	-1	5	0	0	-1	4	0	0	-1	4	0	0	-1	0	0	0	-1	5	0	0	-1	5	0	0	-1	5	0	0	-1	4	0	0	-1	5	0	0	-1	3	0	0	-1	3	0	0	-1	4	0	0	-1	1	0	0	-1	1	0	0	-1	0	0	0	-1	
0	3600	6-5-5-5
2	0	-1	-1	0	0	-1	-1	4	0	-1	-1	4	0	-1	-1	0	0	-1	-1	3	0	-1	-1	4	0	-1	-1	2	0	-1	-1	0	0	-1	-1	0	0	-1	-1	2	0	-1	-1	4	0	-1	-1	0	0	-1	-1	4	0	-1	-1	3	0	-1	-1	0	0	-1	-1	3	0	-1	-1	3	0	-1	-1	1	0	-1	-1	5	0	-1	-1	2	0	-1	-1	2	0	-1	-1	5	0	-1	-1	2	0	-1	-1	4	0	-1	-1	5	0	-1	-1	0	0	-1	-1	0	0	-1	-1	0	0	-1	-1	3	0	-1	-1	5	0	-1	-1	1	0	-1	-1	0	0	-1	-1	2	0	-1	-1	4	0	-1	-1	4	0	-1	-1	1	0	0	-1	0	0	0	-1	3	0	0	-1	5	0	0	-1	3	0	0	-1	2	0	-1	-1	0	0	0	-1	1	0	0	-1	1	0	0	-1	3	0	0	-1	4	0	0	-1	0	0	0	-1	4	0	0	-1	2	0	0	-1	1	0	-1	-1	3	0	-1	-1	5	0	-1	-1	5	0	0	-1	5	0	0	-1	1	0	0	-1	5	0	0	-1	0	0	0	-1	2	0	0	-1	4	0	-1	-1	0	0	-1	-1	1	0	-1	-1	4	0	-1	-1	3	0	0	-1	1	0	0	-1	2	0	0	-1	5	0	0	-1	4	0	0	-1	5	0	-1	1	2	0	-1	-1	3	0	-1	-1	5	0	0	-1	5	0	0	-1	4	0	0	-1	5	0	0	-1	3	0	0	-1	3	0	0	-1	0	0	-1	3	1	0	0	-1	1	0	0	-1	0	0	0	-1	
0	25800	2-4-2-5
2	0	-1	-1	0	0	-1	-1	3	0	-1	-1	2	0	-1	-1	2	0	-1	-1	3	0	-1	-1	4	0	-1	-1	2	0	-1	-1	0	0	-1	-1	0	0	-1	-1	2	0	-1	-1	2	0	-1	-1	4	0	-1	-1	0	0	-1	-1	3	0	-1	-1	0	0	-1	-1	3	0	-1	-1	3	0	-1	-1	1	0	-1	-1	5	0	-1	-1	2	0	-1	-1	0	0	-1	-1	4	0	-1	-1	5	0	-1	-1	4	0	-1	-1	5	0	-1	-1	0	0	-1	-1	0	0	-1	-1	0	0	-1	-1	3	0	-1	-1	5	0	-1	-1	1	0	-1	-1	0	0	-1	-1	2	0	-1	-1	4	0	-1	-1	4	0	-1	-1	1	0	0	-1	0	0	0	-1	3	0	0	-1	5	0	0	-1	3	0	0	-1	2	0	-1	-1	0	0	0	-1	1	0	0	-1	1	0	0	-1	3	0	0	-1	4	0	0	-1	0	0	0	-1	4	0	0	-1	2	0	0	-1	1	0	-1	-1	3	0	-1	-1	5	0	-1	-1	5	0	0	-1	5	0	0	-1	1	0	0	-1	5	0	0	-1	0	0	0	-1	2	0	0	-1	4	0	-1	-1	0	0	-1	-1	1	0	-1	-1	4	0	-1	-1	3	0	0	-1	1	0	0	-1	2	0	0	-1	5	0	0	-1	4	0	0	-1	5	0	-1	1	2	0	-1	-1	3	0	-1	-1	5	0	0	-1	5	0	0	-1	4	0	0	-1	5	0	0	-1	3	0	0	-1	3	0	0	-1	0	0	-1	3	1	0	0	-1	1	0	0	-1	0	0	0	-1	
0	28800	7-2-7-3
2	0	-1	-1	0	0	-1	-1	3	0	-1	-1	2	0	-1	-1	2	0	-1	-1	3	0	-1	-1	4	0	-1	-1	2	0	-1	-1	0	0	-1	-1	0	0	-1	-1	2	0	-1	-1	1	0	-1	-1	4	0	-1	-1	0	0	-1	-1	3	0	-1	-1	0	0	-1	-1	3	0	-1	-1	3	0	-1	-1	1	0	-1	-1	5	0	-1	-1	3	0	-1	-1	0	0	-1	-1	4	0	-1	-1	5	0	-1	-1	4	0	-1	-1	5	0	-1	-1	0	0	-1	-1	0	0	-1	-1	0	0	-1	-1	3	0	-1	-1	5	0	-1	-1	1	0	-1	-1	0	0	-1	-1	2	0	-1	-1	4	0	-1	-1	4	0	-1	-1	1	0	0	-1	0	0	0	-1	2	0	0	-1	5	0	0	-1	3	0	0	-1	2	0	-1	-1	0	0	0	-1	1	0	0	-1	1	0	0	-1	3	0	0	-1	4	0	0	-1	2	0	0	-1	4	0	0	-1	2	0	0	-1	1	0	-1	-1	3	0	-1	-1	5	0	-1	-1	5	0	0	-1	5	0	0	-1	1	0	0	-1	3	0	-1	-1	0	0	0	-1	2	0	0	-1	4	0	-1	-1	0	0	-1	-1	1	0	-1	-1	4	0	-1	-1	3	0	0	-1	1	0	0	-1	3	0	-1	1	2	0	0	-1	4	0	0	-1	5	0	-1	1	2	0	-1	-1	3	0	-1	-1	5	0	0	-1	5	0	0	-1	4	0	0	-1	0	0	-1	3	3	0	0	-1	3	0	0	-1	0	0	-1	3	1	0	0	-1	1	0	0	-1	0	0	0	-1	
0	30000	8-2-7-2
2	0	-1	-1	0	0	-1	-1	2	0	-1	-1	1	0	-1	-1	5	0	-1	-1	3	0	-1	-1	4	0	-1	-1	2	0	-1	-1	0	0	-1	-1	0	0	-1	-1	2	0	-1	-1	3	0	-1	-1	2	0	-1	-1	2	0	-1	-1	3	0	-1	-1	0	0	-1	-1	3	0	-1	-1	3	0	-1	-1	1	0	-1	-1	5	0	-1	-1	1	0	-1	-1	4	0	-1	-1	0	0	-1	-1	5	0	-1	-1	4	0	-1	-1	5	0	-1	-1	0	0	-1	-1	0	0	-1	-1	0	0	-1	-1	3	0	-1	-1	0	0	-1	-1	4	0	-1	-1	0	0	-1	-1	2	0	-1	-1	4	0	-1	-1	4	0	-1	-1	1	0	0	-1	0	0	0	-1	3	0	0	-1	5	0	0	-1	1	0	0	-1	2	0	-1	-1	0	0	0	-1	1	0	0	-1	1	0	0	-1	3	0	0	-1	4	0	0	-1	2	0	0	-1	5	0	0	-1	3	0	0	-1	1	0	-1	-1	3	0	-1	-1	5	0	-1	-1	5	0	0	-1	5	0	0	-1	1	0	0	-1	2	0	-1	-1	4	0	0	-1	2	0	0	-1	4	0	-1	-1	0	0	-1	-1	1	0	-1	-1	4	0	-1	-1	3	0	0	-1	1	0	0	-1	3	0	-1	1	0	0	0	-1	2	0	0	-1	5	0	-1	1	2	0	-1	-1	3	0	-1	-1	5	0	0	-1	5	0	0	-1	4	0	0	-1	0	0	-1	3	2	0	-1	-1	4	0	-1	2	0	0	-1	3	1	0	0	-1	1	0	0	-1	0	0	0	-1	
0	30600	1-2-1-1
2	0	-1	-1	0	0	-1	-1	3	0	-1	-1	1	0	-1	-1	2	0	-1	-1	3	0	-1	-1	4	0	-1	-1	2	0	-1	-1	0	0	-1	-1	0	0	-1	-1	3	0	-1	-1	2	0	-1	-1	1	0	-1	-1	5	0	-1	-1	3	0	-1	-1	0	0	-1	-1	3	0	-1	-1	3	0	-1	-1	1	0	-1	-1	5	0	-1	-1	1	0	-1	-1	4	0	-1	-1	0	0	-1	-1	5	0	-1	-1	4	0	-1	-1	5	0	-1	-1	0	0	-1	-1	0	0	-1	-1	0	0	-1	-1	3	0	-1	-1	0	0	-1	-1	4	0	-1	-1	0	0	-1	-1	2	0	-1	-1	4	0	-1	-1	4	0	-1	-1	1	0	0	-1	0	0	0	-1	3	0	0	-1	5	0	0	-1	1	0	0	-1	2	0	-1	-1	0	0	0	-1	1	0	0	-1	1	0	0	-1	3	0	0	-1	4	0	0	-1	2	0	0	-1	5	0	0	-1	3	0	0	-1	1	0	-1	-1	3	0	-1	-1	5	0	-1	-1	5	0	0	-1	5	0	0	-1	1	0	0	-1	2	0	-1	-1	4	0	0	-1	2	0	0	-1	4	0	-1	-1	0	0	-1	-1	1	0	-1	-1	4	0	-1	-1	3	0	0	-1	1	0	0	-1	3	0	-1	1	0	0	0	-1	2	0	0	-1	5	0	-1	1	2	0	-1	-1	3	0	-1	-1	5	0	0	-1	5	0	0	-1	4	0	0	-1	0	0	-1	3	2	0	-1	-1	4	0	-1	2	0	0	-1	3	1	0	0	-1	1	0	0	-1	0	0	0	-1	
0	31200	2-3-2-2
2	0	-1	-1	0	0	-1	-1	3	0	-1	-1	0	0	-1	-1	2	0	-1	-1	3	0	-1	-1	4	0	-1	-1	2	0	-1	-1	0	0	-1	-1	0	0	-1	-1	3	0	-1	-1	2	0	-1	-1	1	0	-1	-1	5	0	-1	-1	3	0	-1	-1	0	0	-1	-1	3	0	-1	-1	3	0	-1	-1	1	0	-1	-1	5	0	-1	-1	4	0	-1	-1	1	0	-1	-1	0	0	-1	-1	5	0	-1	-1	4	0	-1	-1	5	0	-1	-1	0	0	-1	-1	0	0	-1	-1	0	0	-1	-1	3	0	-1	-1	0	0	-1	-1	4	0	-1	-1	0	0	-1	-1	2	0	-1	-1	4	0	-1	-1	4	0	-1	-1	1	0	0	-1	0	0	0	-1	3	0	0	-1	5	0	0	-1	1	0	0	-1	2	0	-1	-1	0	0	0	-1	1	0	0	-1	1	0	0	-1	3	0	0	-1	4	0	0	-1	2	0	0	-1	5	0	0	-1	3	0	0	-1	1	0	-1	-1	3	0	-1	-1	5	0	-1	-1	5	0	0	-1	5	0	0	-1	1	0	0	-1	2	0	-1	-1	4	0	0	-1	2	0	0	-1	4	0	-1	-1	0	0	-1	-1	1	0	-1	-1	4	0	-1	-1	3	0	0	-1	1	0	0	-1	3	0	-1	1	0	0	0	-1	2	0	0	-1	5	0	-1	1	2	0	-1	-1	3	0	-1	-1	5	0	0	-1	5	0	0	-1	4	0	0	-1	0	0	-1	3	2	0	-1	-1	4	0	-1	2	0	0	-1	3	1	0	0	-1	1	0	0	-1	0	0	0	-1	
0	32400	1-6-1-5
2	0	-1	-1	0	0	-1	-1	3	0	-1	-1	0	0	-1	-1	2	0	-1	-1	3	0	-1	-1	0	0	-1	-1	2	0	-1	-1	2	0	-1	-1	0	0	-1	-1	3	0	-1	-1	2	0	-1	-1	1	0	-1	-1	5	0	-1	-1	0	0	-1	-1	4	0	-1	-1	2	0	-1	-1	0	0	-1	-1	1	0	-1	-1	5	0	-1	-1	4	0	-1	-1	1	0	-1	-1	0	0	-1	-1	5	0	-1	-1	4	0	-1	-1	5	0	-1	-1	0	0	-1	-1	0	0	-1	-1	0	0	-1	-1	3	0	-1	-1	0	0	-1	-1	4	0	-1	-1	0	0	-1	-1	2	0	-1	-1	4	0	-1	-1	4	0	-1	-1	1	0	0	-1	0	0	0	-1	3	0	0	-1	5	0	0	-1	1	0	0	-1	2	0	-1	-1	0	0	0	-1	1	0	0	-1	1	0	0	-1	3	0	0	-1	4	0	0	-1	2	0	0	-1	5	0	0	-1	3	0	0	-1	1	0	-1	-1	3	0	-1	-1	5	0	-1	-1	5	0	0	-1	5	0	0	-1	1	0	0	-1	2	0	-1	-1	4	0	0	-1	2	0	0	-1	4	0	-1	-1	0	0	-1	-1	1	0	-1	-1	4	0	-1	-1	3	0	0	-1	1	0	0	-1	3	0	-1	1	0	0	0	-1	2	0	0	-1	5	0	-1	1	2	0	-1	-1	3	0	-1	-1	5	0	0	-1	5	0	0	-1	4	0	0	-1	0	0	-1	3	2	0	-1	-1	4	0	-1	2	0	0	-1	3	1	0	0	-1	1	0	0	-1	0	0	0	-1	
0	33000	8-4-8-3
2	0	-1	-1	0	0	-1	-1	3	0	-1	-1	4	0	-1	-1	4	0	-1	-1	1	0	-1	-1	0	0	-1	-1	2	0	-1	-1	2	0	-1	-1	0	0	-1	-1	3	0	-1	-1	2	0	-1	-1	0	0	-1	-1	2	0	-1	-1	3	0	-1	-1	4	0	-1	-1	2	0	-1	-1	0	0	-1	-1	1	0	-1	-1	5	0	-1	-1	4	0	-1	-1	1	0	-1	-1	2	0	-1	-1	0	0	-1	-1	4	0	-1	-1	5	0	-1	-1	0	0	-1	-1	0	0	-1	-1	0	0	-1	-1	3	0	-1	-1	1	0	-1	-1	1	0	-1	-1	5	0	-1	-1	2	0	-1	-1	4	0	-1	-1	4	0	-1	-1	1	0	0	-1	0	0	0	-1	3	0	0	-1	0	0	0	-1	2	0	0	-1	0	0	-1	-1	0	0	0	-1	1	0	0	-1	1	0	0	-1	3	0	0	-1	4	0	0	-1	2	0	0	-1	5	0	0	-1	5	0	0	-1	2	0	-1	-1	3	0	-1	-1	5	0	-1	-1	5	0	0	-1	5	0	0	-1	1	0	0	-1	2	0	-1	-1	5	0	-1	-1	0	0	-1	-1	1	0	-1	-1	0	0	-1	-1	1	0	-1	-1	4	0	-1	-1	3	0	0	-1	1	0	0	-1	3	0	-1	1	0	0	0	-1	1	0	-1	-1	5	0	-1	1	2	0	-1	-1	3	0	-1	-1	5	0	0	-1	5	0	0	-1	4	0	0	-1	0	0	-1	3	4	0	-1	-1	3	0	-1	2	0	0	-1	3	1	0	0	-1	1	0	0	-1	0	0	0	-1	
1	43400	3-4-4-4
2	0	-1	-1	0	0	-1	-1	3	0	-1	-1	4	0	-1	-1	0	0	-1	-1	1	0	-1	-1	0	0	-1	-1	2	0	-1	-1	2	0	-1	-1	0	0	-1	-1	3	0	-1	-1	2	0	-1	-1	0	0	-1	-1	2	0	-1	-1	3	0	-1	-1	4	0	-1	-1	2	0	-1	-1	0	0	-1	-1	1	0	-1	-1	5	0	-1	-1	4	0	-1	-1	1	0	-1	-1	1	0	-1	-1	0	0	-1	-1	4	0	-1	-1	5	0	-1	-1	0	0	-1	-1	0	0	-1	-1	0	0	-1	-1	3	0	-1	-1	1	0	-1	-1	4	0	-1	-1	5	0	-1	-1	2	0	-1	-1	4	0	-1	-1	4	0	-1	-1	1	0	0	-1	0	0	0	-1	3	0	0	-1	0	0	0	-1	1	0	0	-1	0	0	-1	-1	0	0	0	-1	1	0	0	-1	1	0	0	-1	3	0	0	-1	4	0	0	-1	2	0	0	-1	5	0	0	-1	5	0	0	-1	2	0	-1	-1	3	0	-1	-1	5	0	-1	-1	5	0	0	-1	5	0	0	-1	1	0	0	-1	2	0	-1	-1	5	0	-1	-1	0	0	-1	-1	1	0	-1	-1	0	0	-1	-1	1	0	-1	-1	4	0	-1	-1	3	0	0	-1	1	0	0	-1	3	0	-1	1	0	0	0	-1	1	0	-1	-1	5	0	-1	1	2	0	-1	-1	3	0	-1	-1	5	0	0	-1	5	0	0	-1	4	0	0	-1	0	0	-1	3	4	0	-1	-1	3	0	-1	2	0	0	-1	3	1	0	0	-1	1	0	0	-1	0	0	0	-1	
1	44600	3-6-2-6
2	0	-1	-1	0	0	-1	-1	3	0	-1	-1	4	0	-1	-1	0	0	-1	-1	1	0	-1	-1	0	0	-1	-1	4	0	-1	-1	2	0	-1	-1	0	0	-1	-1	3	0	-1	-1	2	0	-1	-1	0	0	-1	-1	2	0	-1	-1	3	0	-1	-1	0	0	-1	-1	3	0	-1	-1	2	0	-1	-1	1	0	-1	-1	5	0	-1	-1	4	0	-1	-1	1	0	-1	-1	1	0	-1	-1	0	0	-1	-1	4	0	-1	-1	0	0	-1	-1	0	0	-1	-1	0	0	-1	-1	0	0	-1	-1	3	0	-1	-1	1	0	-1	-1	4	0	-1	-1	5	0	-1	-1	2	0	-1	-1	5	0	-1	-1	0	0	-1	-1	1	0	0	-1	0	0	0	-1	3	0	0	-1	0	0	0	-1	1	0	0	-1	0	0	-1	-1	0	0	0	-1	1	0	0	-1	1	0	0	-1	3	0	0	-1	4	0	0	-1	2	0	0	-1	5	0	0	-1	5	0	0	-1	2	0	-1	-1	3	0	-1	-1	5	0	-1	-1	5	0	0	-1	5	0	0	-1	1	0	0	-1	2	0	-1	-1	5	0	-1	-1	0	0	-1	-1	1	0	-1	-1	0	0	-1	-1	1	0	-1	-1	4	0	-1	-1	3	0	0	-1	1	0	0	-1	3	0	-1	1	0	0	0	-1	1	0	-1	-1	5	0	-1	1	2	0	-1	-1	3	0	-1	-1	5	0	0	-1	5	0	0	-1	4	0	0	-1	0	0	-1	3	4	0	-1	-1	3	0	-1	2	0	0	-1	3	1	0	0	-1	1	0	0	-1	0	0	0	-1	
1	47600	2-6-2-5
2	0	-1	-1	0	0	-1	-1	3	0	-1	-1	4	0	-1	-1	0	0	-1	-1	1	0	-1	-1	4	0	-1	-1	3	0	-1	-1	1	0	-1	-1	0	0	-1	-1	3	0	-1	-1	2	0	-1	-1	0	0	-1	-1	2	0	-1	-1	3	0	-1	-1	2	0	-1	-1	4	0	-1	-1	2	0	-1	-1	1	0	-1	-1	5	0	-1	-1	4	0	-1	-1	1	0	-1	-1	1	0	-1	-1	4	0	-1	-1	0	3	-1	-1	3	0	-1	-1	2	0	-1	-1	0	0	-1	-1	0	0	-1	-1	3	0	-1	-1	1	0	-1	-1	4	0	-1	-1	5	0	-1	-1	2	0	-1	-1	5	0	-1	-1	0	0	-1	-1	1	0	0	-1	0	0	0	-1	3	0	0	-1	0	0	0	-1	1	0	0	-1	0	0	-1	-1	0	0	0	-1	1	0	0	-1	1	0	0	-1	3	0	0	-1	4	0	0	-1	2	0	0	-1	5	0	0	-1	5	0	0	-1	2	0	-1	-1	3	0	-1	-1	5	0	-1	-1	5	0	0	-1	5	0	0	-1	1	0	0	-1	2	0	-1	-1	5	0	-1	-1	0	0	-1	-1	1	0	-1	-1	0	0	-1	-1	1	0	-1	-1	4	0	-1	-1	3	0	0	-1	1	0	0	-1	3	0	-1	1	0	0	0	-1	1	0	-1	-1	5	0	-1	1	2	0	-1	-1	3	0	-1	-1	5	0	0	-1	5	0	0	-1	4	0	0	-1	0	0	-1	3	4	0	-1	-1	3	0	-1	2	0	0	-1	3	1	0	0	-1	1	0	0	-1	0	0	0	-1	
1	49100	4-3-4-4
2	0	-1	-1	0	0	-1	-1	3	0	-1	-1	2	0	-1	-1	5	0	-1	-1	1	0	-1	-1	1	0	-1	-1	3	0	-1	-1	1	0	-1	-1	0	0	-1	-1	3	0	-1	-1	2	0	-1	-1	4	0	-1	-1	0	0	-1	-1	1	0	-1	-1	4	0	-1	-1	4	0	-1	-1	2	0	-1	-1	1	0	-1	-1	5	0	-1	-1	4	0	-1	-1	0	0	-1	-1	2	0	-1	-1	3	0	-1	-1	2	0	-1	-1	3	0	-1	-1	2	0	-1	-1	0	0	-1	-1	0	0	-1	-1	3	0	-1	-1	4	0	-1	-1	1	0	-1	-1	4	0	-1	-1	0	3	-1	-1	5	0	-1	-1	0	0	-1	-1	1	0	0	-1	0	0	0	-1	3	0	0	-1	0	0	-1	1	4	0	-1	-1	5	0	-1	-1	2	0	-1	-1	1	0	0	-1	1	0	0	-1	3	0	0	-1	4	0	0	-1	2	0	0	-1	5	0	0	-1	5	0	0	-1	2	0	-1	-1	3	0	-1	-1	5	0	-1	-1	5	0	0	-1	5	0	0	-1	1	0	0	-1	2	0	-1	-1	5	0	-1	-1	0	0	-1	-1	1	0	-1	-1	0	0	-1	-1	1	0	-1	-1	4	0	-1	-1	3	0	0	-1	1	0	0	-1	3	0	-1	1	0	0	0	-1	1	0	-1	-1	5	0	-1	1	2	0	-1	-1	3	0	-1	-1	5	0	0	-1	5	0	0	-1	4	0	0	-1	0	0	-1	3	4	0	-1	-1	3	0	-1	2	0	0	-1	3	1	0	0	-1	1	0	0	-1	0	0	0	-1	
1	51500	0-7-0-8
2	0	-1	-1	0	0	-1	-1	3	0	-1	-1	2	0	-1	-1	5	0	-1	-1	1	0	-1	-1	2	0	-1	-1	3	0	-1	-1	3	0	-1	-1	0	0	-1	-1	3	0	-1	-1	2	0	-1	-1	4	0	-1	-1	0	0	-1	-1	1	0	-1	-1	4	0	-1	-1	4	0	-1	-1	2	0	-1	-1	1	0	-1	-1	5	0	-1	-1	4	0	-1	-1	0	0	-1	-1	2	0	-1	-1	3	0	-1	-1	2	0	-1	-1	3	0	-1	-1	2	0	-1	-1	0	0	-1	-1	0	0	-1	-1	3	0	-1	-1	4	0	-1	-1	1	0	-1	-1	4	0	-1	-1	0	3	-1	-1	5	0	-1	-1	0	0	-1	-1	1	0	0	-1	0	0	0	-1	3	0	0	-1	0	0	-1	1	4	0	-1	-1	5	0	-1	-1	2	0	-1	-1	1	0	0	-1	1	0	0	-1	3	0	0	-1	4	0	0	-1	2	0	0	-1	5	0	0	-1	5	0	0	-1	2	0	-1	-1	3	0	-1	-1	5	0	-1	-1	5	0	0	-1	5	0	0	-1	1	0	0	-1	2	0	-1	-1	5	0	-1	-1	0	0	-1	-1	1	0	-1	-1	0	0	-1	-1	1	0	-1	-1	4	0	-1	-1	3	0	0	-1	1	0	0	-1	3	0	-1	1	0	0	0	-1	1	0	-1	-1	5	0	-1	1	2	0	-1	-1	3	0	-1	-1	5	0	0	-1	5	0	0	-1	4	0	0	-1	0	0	-1	3	4	0	-1	-1	3	0	-1	2	0	0	-1	3	1	0	0	-1	1	0	0	-1	0	0	0	-1	
1	52100	3-4-4-4
2	0	-1	-1	0	0	-1	-1	3	0	-1	-1	2	0	-1	-1	0	0	-1	-1	5	0	-1	-1	2	0	-1	-1	3	0	-1	-1	3	0	-1	-1	0	0	-1	-1	3	0	-1	-1	2	0	-1	-1	2	0	-1	-1	5	0	-1	-1	1	0	-1	-1	4	0	-1	-1	4	0	-1	-1	2	0	-1	-1	1	0	-1	-1	5	0	-1	-1	4	0	-1	-1	4	0	-1	-1	0	0	-1	-1	1	0	-1	-1	2	0	-1	-1	3	0	-1	-1	2	0	-1	-1	0	0	-1	-1	0	0	-1	-1	3	0	-1	-1	0	0	-1	-1	2	0	-1	-1	3	0	-1	-1	0	3	-1	-1	5	0	-1	-1	0	0	-1	-1	1	0	0	-1	0	0	0	-1	3	0	0	-1	0	0	-1	1	1	0	-1	-1	5	0	-1	-1	2	0	-1	-1	1	0	0	-1	1	0	0	-1	3	0	0	-1	4	0	0	-1	2	0	0	-1	5	0	0	-1	5	0	0	-1	2	0	-1	-1	3	0	-1	-1	5	0	-1	-1	5	0	0	-1	5	0	0	-1	1	0	0	-1	2	0	-1	-1	5	0	-1	-1	0	0	-1	-1	1	0	-1	-1	0	0	-1	-1	1	0	-1	-1	4	0	-1	-1	3	0	0	-1	1	0	0	-1	3	0	-1	1	0	0	0	-1	1	0	-1	-1	5	0	-1	1	2	0	-1	-1	3	0	-1	-1	5	0	0	-1	5	0	0	-1	4	0	0	-1	0	0	-1	3	4	0	-1	-1	3	0	-1	2	0	0	-1	3	1	0	0	-1	1	0	0	-1	0	0	0	-1	
1	52700	2-3-2-4
2	0	-1	-1	0	0	-1	-1	5	0	-1	-1	4	0	-1	-1	0	0	-1	-1	5	0	-1	-1	2	0	-1	-1	3	0	-1	-1	3	0	-1	-1	0	0	-1	-1	3	0	-1	-1	3	0	-1	-1	0	0	-1	-1	0	0	-1	-1	1	0	-1	-1	4	0	-1	-1	4	0	-1	-1	2	0	-1	-1	1	0	-1	-1	5	0	-1	-1	2	0	-1	-1	1	0	-1	-1	5	0	-1	-1	1	0	-1	-1	2	0	-1	-1	3	0	-1	-1	2	0	-1	-1	0	0	-1	-1	0	0	-1	-1	3	0	-1	-1	2	0	-1	-1	2	0	-1	-1	3	0	-1	-1	0	3	-1	-1	5	0	-1	-1	0	0	-1	-1	1	0	0	-1	0	0	0	-1	3	0	0	-1	2	0	-1	1	1	0	-1	-1	5	0	-1	-1	2	0	-1	-1	1	0	0	-1	1	0	0	-1	3	0	0	-1	4	0	0	-1	2	0	0	-1	5	0	0	-1	5	0	0	-1	2	0	-1	-1	3	0	-1	-1	5	0	-1	-1	5	0	0	-1	5	0	0	-1	1	0	0	-1	2	0	-1	-1	5	0	-1	-1	0	0	-1	-1	1	0	-1	-1	0	0	-1	-1	1	0	-1	-1	4	0	-1	-1	3	0	0	-1	1	0	0	-1	3	0	-1	1	0	0	0	-1	1	0	-1	-1	5	0	-1	1	2	0	-1	-1	3	0	-1	-1	5	0	0	-1	5	0	0	-1	4	0	0	-1	0	0	-1	3	4	0	-1	-1	3	0	-1	2	0	0	-1	3	1	0	0	-1	1	0	0	-1	0	0	0	-1	
1	55100	4-2-4-3
2	0	-1	-1	0	0	-1	-1	1	0	-1	-1	1	0	-1	-1	3	0	-1	-1	5	0	-1	-1	2	0	-1	-1	3	0	-1	-1	3	0	-1	-1	0	0	-1	-1	3	0	-1	-1	0	0	-1	-1	4	0	-1	-1	0	0	-1	-1	1	0	-1	-1	4	0	-1	-1	4	0	-1	-1	2	0	-1	-1	1	0	-1	-1	5	0	-1	-1	5	0	-1	-1	1	0	-1	-1	5	0	-1	-1	1	0	-1	-1	2	0	-1	-1	3	0	-1	-1	2	0	-1	-1	0	0	-1	-1	0	0	-1	-1	5	0	-1	-1	2	0	-1	-1	2	0	-1	-1	3	0	-1	-1	0	3	-1	-1	5	0	-1	-1	0	0	-1	-1	1	0	0	-1	0	0	0	-1	3	0	-1	0	3	0	-1	1	1	0	-1	-1	5	0	-1	-1	2	0	-1	-1	1	0	0	-1	1	0	0	-1	3	0	0	-1	4	0	0	-1	2	0	-1	2	5	0	0	-1	5	0	0	-1	2	0	-1	-1	3	0	-1	-1	5	0	-1	-1	5	0	0	-1	5	0	0	-1	1	0	0	-1	3	0	-1	-1	5	0	-1	-1	0	0	-1	-1	1	0	-1	-1	0	0	-1	-1	1	0	-1	-1	4	0	-1	-1	3	0	0	-1	1	0	0	-1	3	0	-1	1	0	0	0	-1	1	0	-1	-1	5	0	-1	1	2	0	-1	-1	3	0	-1	-1	5	0	0	-1	5	0	0	-1	4	0	0	-1	0	0	-1	3	4	0	-1	-1	3	0	-1	2	0	0	-1	3	1	0	0	-1	1	0	0	-1	0	0	0	-1	
1	57500	5-5-4-5
2	0	-1	-1	0	0	-1	-1	1	0	-1	-1	3	0	-1	-1	4	0	-1	-1	4	0	-1	-1	2	0	-1	-1	3	0	-1	-1	3	0	-1	-1	0	0	-1	-1	3	0	-1	-1	0	0	-1	-1	1	0	-1	-1	3	0	-1	-1	5	0	-1	-1	4	0	-1	-1	4	0	-1	-1	2	0	-1	-1	1	0	-1	-1	5	0	-1	-1	5	0	-1	-1	4	0	-1	-1	0	0	-1	-1	1	0	-1	-1	2	0	-1	-1	3	0	-1	-1	2	0	-1	-1	0	0	-1	-1	0	0	-1	-1	5	0	-1	-1	1	0	-1	-1	5	0	-1	-1	1	0	-1	-1	0	3	-1	-1	5	0	-1	-1	0	0	-1	-1	1	0	0	-1	0	0	0	-1	3	0	-1	0	2	0	-1	1	2	0	-1	-1	3	0	-1	-1	2	0	-1	-1	1	0	0	-1	1	0	0	-1	3	0	0	-1	4	0	0	-1	2	0	-1	2	3	0	-1	-1	1	0	-1	-1	2	0	-1	-1	3	0	-1	-1	5	0	-1	-1	5	0	0	-1	5	0	0	-1	1	0	0	-1	3	0	-1	-1	5	0	-1	-1	0	0	-1	-1	1	0	-1	-1	0	0	-1	-1	1	0	-1	-1	4	0	-1	-1	3	0	0	-1	1	0	0	-1	3	0	-1	1	0	0	0	-1	1	0	-1	-1	5	0	-1	1	2	0	-1	-1	3	0	-1	-1	5	0	0	-1	5	0	0	-1	4	0	0	-1	0	0	-1	3	4	0	-1	-1	3	0	-1	2	0	0	-1	3	1	0	0	-1	1	0	0	-1	0	0	0	-1	
2	62100	4-5-4-6
2	0	-1	-1	0	0	-1	-1	1	0	-1	-1	5	0	-1	-1	3	0	-1	-1	0	0	-1	-1	4	0	-1	-1	2	0	-1	-1	3	0	-1	-1	0	0	-1	-1	3	0	-1	-1	0	0	-1	-1	3	0	-1	-1	4	1	-1	-1	5	0	-1	-1	2	0	-1	-1	3	0	-1	-1	2	0	-1	-1	1	0	-1	-1	5	0	-1	-1	5	0	-1	-1	1	0	-1	-1	3	0	-1	-1	5	0	-1	-1	2	0	-1	-1	3	0	-1	-1	2	0	-1	-1	0	0	-1	-1	0	0	-1	-1	5	0	-1	-1	4	0	-1	-1	0	0	-1	-1	1	0	-1	-1	0	3	-1	-1	5	0	-1	-1	0	0	-1	-1	1	0	0	-1	0	0	0	-1	3	0	-1	0	1	0	-1	1	5	0	-1	-1	1	0	-1	-1	3	0	-1	-1	1	0	0	-1	1	0	0	-1	3	0	0	-1	4	0	0	-1	2	0	-1	2	3	0	-1	-1	1	0	-1	-1	2	0	-1	-1	3	0	-1	-1	5	0	-1	-1	5	0	0	-1	5	0	0	-1	1	0	0	-1	3	0	-1	-1	5	0	-1	-1	0	0	-1	-1	1	0	-1	-1	0	0	-1	-1	1	0	-1	-1	4	0	-1	-1	3	0	0	-1	1	0	0	-1	3	0	-1	1	0	0	0	-1	1	0	-1	-1	5	0	-1	1	2	0	-1	-1	3	0	-1	-1	5	0	0	-1	5	0	0	-1	4	0	0	-1	0	0	-1	3	4	0	-1	-1	3	0	-1	2	0	0	-1	3	1	0	0	-1	1	0	0	-1	0	0	0	-1	
2	64300	0-7-0-8
2	0	-1	-1	0	0	-1	-1	1	0	-1	-1	5	0	-1	-1	3	0	-1	-1	0	0	-1	-1	4	0	-1	-1	1	0	-1	-1	2	0	-1	-1	0	0	-1	-1	3	0	-1	-1	0	0	-1	-1	3	0	-1	-1	4	1	-1	-1	5	0	-1	-1	2	0	-1	-1	2	0	-1	-1	3	0	-1	-1	1	0	-1	-1	5	0	-1	-1	5	0	-1	-1	1	0	-1	-1	3	0	-1	-1	5	0	-1	-1	2	0	-1	-1	4	0	-1	-1	1	0	-1	-1	0	0	-1	-1	0	0	-1	-1	5	0	-1	-1	4	0	-1	-1	0	0	-1	-1	1	0	-1	-1	0	3	-1	-1	5	0	-1	-1	0	0	-1	-1	1	0	0	-1	0	0	0	-1	3	0	-1	0	1	0	-1	1	5	0	-1	-1	1	0	-1	-1	3	0	-1	-1	1	0	0	-1	1	0	0	-1	3	0	0	-1	4	0	0	-1	2	0	-1	2	3	0	-1	-1	1	0	-1	-1	2	0	-1	-1	3	0	-1	-1	5	0	-1	-1	5	0	0	-1	5	0	0	-1	1	0	0	-1	3	0	-1	-1	5	0	-1	-1	0	0	-1	-1	1	0	-1	-1	0	0	-1	-1	1	0	-1	-1	4	0	-1	-1	3	0	0	-1	1	0	0	-1	3	0	-1	1	0	0	0	-1	1	0	-1	-1	5	0	-1	1	2	0	-1	-1	3	0	-1	-1	5	0	0	-1	5	0	0	-1	4	0	0	-1	0	0	-1	3	4	0	-1	-1	3	0	-1	2	0	0	-1	3	1	0	0	-1	1	0	0	-1	0	0	0	-1	
2	69100	5-2-5-3
2	0	-1	-1	0	0	-1	-1	5	0	-1	-1	5	0	-1	-1	3	0	-1	-1	0	0	-1	-1	4	0	-1	-1	1	0	-1	-1	2	0	-1	-1	0	0	-1	-1	3	0	-1	-1	2	0	-1	-1	3	0	-1	-1	4	1	-1	-1	5	0	-1	-1	2	0	-1	-1	2	0	-1	-1	3	0	-1	-1	1	0	-1	-1	5	0	-1	-1	4	0	-1	-1	1	0	-1	-1	3	0	-1	-1	5	0	-1	-1	2	0	-1	-1	4	0	-1	-1	1	0	-1	-1	0	0	-1	-1	0	0	-1	-1	1	0	-1	-1	4	0	-1	-1	0	0	-1	-1	1	0	-1	-1	0	3	-1	-1	5	0	-1	-1	0	0	-1	-1	1	0	0	-1	0	0	0	-1	0	0	-1	0	1	0	-1	1	5	0	-1	-1	1	0	-1	-1	3	0	-1	-1	1	0	0	-1	1	0	0	-1	3	0	0	-1	4	0	0	-1	5	0	-1	2	2	0	-1	-1	1	0	-1	-1	2	0	-1	-1	3	0	-1	-1	5	0	-1	-1	5	0	0	-1	5	0	0	-1	1	0	0	-1	5	0	-1	-1	5	0	-1	-1	0	0	-1	-1	1	0	-1	-1	0	0	-1	-1	1	0	-1	-1	4	0	-1	-1	3	0	0	-1	1	0	0	-1	3	1	-1	1	0	0	0	-1	1	0	-1	-1	5	0	-1	1	2	0	-1	-1	3	0	-1	-1	5	0	0	-1	5	0	0	-1	4	0	0	-1	0	0	-1	3	4	0	-1	-1	3	0	-1	2	0	0	-1	3	1	0	0	-1	1	0	0	-1	0	0	0	-1	
2	70700	4-4-5-4
2	0	-1	-1	0	0	-1	-1	5	0	-1	-1	4	0	-1	-1	2	0	-1	-1	3	0	-1	-1	4	0	-1	-1	1	0	-1	-1	2	0	-1	-1	0	0	-1	-1	3	0	-1	-1	2	0	-1	-1	5	0	-1	-1	3	0	-1	-1	0	0	-1	-1	2	0	-1	-1	2	0	-1	-1	3	0	-1	-1	1	0	-1	-1	5	0	-1	-1	4	0	-1	-1	3	0	-1	-1	4	1	-1	-1	5	0	-1	-1	2	0	-1	-1	4	0	-1	-1	1	0	-1	-1	0	0	-1	-1	0	0	-1	-1	1	0	-1	-1	1	0	-1	-1	3	0	-1	-1	5	0	-1	-1	0	3	-1	-1	5	0	-1	-1	0	0	-1	-1	1	0	0	-1	0	0	0	-1	0	0	-1	0	4	0	-1	1	0	0	-1	-1	1	0	-1	-1	3	0	-1	-1	1	0	0	-1	1	0	0	-1	3	0	0	-1	4	0	0	-1	5	0	-1	2	2	0	-1	-1	5	0	-1	-1	2	0	-1	-1	3	0	-1	-1	5	0	-1	-1	5	0	0	-1	5	0	0	-1	1	0	0	-1	5	0	-1	-1	5	0	-1	-1	0	0	-1	-1	1	0	-1	-1	0	0	-1	-1	1	0	-1	-1	4	0	-1	-1	3	0	0	-1	1	0	0	-1	3	1	-1	1	0	0	0	-1	1	0	-1	-1	5	0	-1	1	2	0	-1	-1	3	0	-1	-1	5	0	0	-1	5	0	0	-1	4	0	0	-1	0	0	-1	3	4	0	-1	-1	3	0	-1	2	0	0	-1	3	1	0	0	-1	1	0	0	-1	0	0	0	-1	
2	71300	3-2-4-2
2	0	-1	-1	2	0	-1	-1	4	0	-1	-1	4	0	-1	-1	2	0	-1	-1	3	0	-1	-1	4	0	-1	-1	1	0	-1	-1	2	0	-1	-1	2	0	-1	-1	0	0	-1	-1	5	0	-1	-1	5	0	-1	-1	3	0	-1	-1	0	0	-1	-1	2	0	-1	-1	2	0	-1	-1	3	0	-1	-1	0	0	-1	-1	3	0	-1	-1	2	0	-1	-1	3	0	-1	-1	4	1	-1	-1	5	0	-1	-1	2	0	-1	-1	4	0	-1	-1	1	0	-1	-1	1	0	-1	-1	5	0	-1	-1	4	0	-1	-1	1	0	-1	-1	3	0	-1	-1	5	0	-1	-1	0	3	-1	-1	5	0	-1	-1	0	0	-1	-1	1	0	0	-1	0	0	0	-1	1	0	-1	0	4	0	-1	1	0	0	-1	-1	1	0	-1	-1	3	0	-1	-1	1	0	0	-1	1	0	0	-1	3	0	0	-1	4	0	0	-1	5	0	-1	2	2	0	-1	-1	5	0	-1	-1	2	0	-1	-1	3	0	-1	-1	5	0	-1	-1	5	0	0	-1	5	0	0	-1	1	0	0	-1	5	0	-1	-1	5	0	-1	-1	0	0	-1	-1	1	0	-1	-1	0	0	-1	-1	1	0	-1	-1	4	0	-1	-1	3	0	0	-1	1	0	0	-1	3	1	-1	1	0	0	0	-1	1	0	-1	-1	5	0	-1	1	2	0	-1	-1	3	0	-1	-1	5	0	0	-1	5	0	0	-1	4	0	0	-1	0	0	-1	3	4	0	-1	-1	3	0	-1	2	0	0	-1	3	1	0	0	-1	1	0	0	-1	0	0	0	-1	
2	71900	-1--1--1--1
