Preamble
===============================================================================
t = gem type
bt = bonus type
i = ice layer
mp = medal portion
mu = medals uncovered
s = score
a = action
tmo = total moves
tme = total medals
r = row
c = columns
-------------------------------------------------------------------------------
tmo	tme	r	c
===============================================================================
26	3	9	9
-------------------------------------------------------------------------------

Key for state and progress information.
2 lines represent a state-action pair:
t	bt	i	mp	t	bt	i	mp	t	bt	i	mp	t	bt	i	mp	t	bt	i	mp	t	bt	i	mp	t	bt	i	mp	t	bt	i	mp	t	bt	i	mp	t	bt	i	mp	t	bt	i	mp	t	bt	i	mp	t	bt	i	mp	t	bt	i	mp	t	bt	i	mp	t	bt	i	mp	t	bt	i	mp	t	bt	i	mp	t	bt	i	mp	t	bt	i	mp	t	bt	i	mp	t	bt	i	mp	t	bt	i	mp	t	bt	i	mp	t	bt	i	mp	t	bt	i	mp	t	bt	i	mp	t	bt	i	mp	t	bt	i	mp	t	bt	i	mp	t	bt	i	mp	t	bt	i	mp	t	bt	i	mp	t	bt	i	mp	t	bt	i	mp	t	bt	i	mp	t	bt	i	mp	t	bt	i	mp	t	bt	i	mp	t	bt	i	mp	t	bt	i	mp	t	bt	i	mp	t	bt	i	mp	t	bt	i	mp	t	bt	i	mp	t	bt	i	mp	t	bt	i	mp	t	bt	i	mp	t	bt	i	mp	t	bt	i	mp	t	bt	i	mp	t	bt	i	mp	t	bt	i	mp	t	bt	i	mp	t	bt	i	mp	t	bt	i	mp	t	bt	i	mp	t	bt	i	mp	t	bt	i	mp	t	bt	i	mp	t	bt	i	mp	t	bt	i	mp	t	bt	i	mp	t	bt	i	mp	t	bt	i	mp	t	bt	i	mp	t	bt	i	mp	t	bt	i	mp	t	bt	i	mp	t	bt	i	mp	t	bt	i	mp	t	bt	i	mp	t	bt	i	mp	t	bt	i	mp	t	bt	i	mp	t	bt	i	mp	t	bt	i	mp	t	bt	i	mp	t	bt	i	mp	t	bt	i	mp	t	bt	i	mp	
===============================================================================
mu	s	a
===============================================================================

4	0	-1	-1	2	0	-1	-1	3	0	-1	-1	0	0	-1	-1	4	0	-1	-1	3	0	-1	-1	4	0	-1	-1	3	0	-1	-1	5	0	-1	-1	1	0	-1	-1	5	0	-1	-1	4	0	-1	-1	0	0	-1	-1	4	0	-1	-1	4	0	-1	-1	1	0	-1	-1	2	0	-1	-1	0	0	-1	-1	2	0	-1	-1	2	0	-1	-1	0	0	-1	-1	3	0	-1	-1	1	0	-1	-1	5	0	-1	-1	1	0	-1	-1	1	0	-1	-1	0	0	-1	-1	2	0	-1	-1	3	0	-1	-1	0	0	-1	-1	2	0	-1	-1	2	0	-1	-1	0	0	-1	-1	3	0	-1	-1	0	0	-1	-1	4	0	-1	-1	4	0	0	-1	2	0	0	-1	2	0	0	-1	0	0	0	-1	5	0	0	-1	1	0	0	-1	4	0	0	-1	3	0	0	-1	2	0	0	-1	4	0	0	-1	0	0	0	-1	3	0	0	-1	1	0	0	-1	4	0	0	-1	4	0	0	-1	2	3	0	-1	4	0	0	-1	0	0	0	-1	1	0	0	-1	0	0	0	-1	1	0	0	-1	2	0	0	-1	2	0	0	-1	5	0	0	-1	3	0	0	-1	2	0	0	-1	1	0	0	-1	5	0	0	-1	5	0	0	-1	1	0	0	-1	4	0	0	-1	2	0	0	-1	1	0	0	-1	3	0	0	-1	4	1	0	-1	2	0	0	-1	5	0	0	-1	2	0	0	-1	4	0	0	-1	2	0	0	-1	4	0	0	-1	0	0	0	-1	2	0	0	-1	5	0	0	-1	1	0	0	-1	
0	0	4-6-5-6
4	0	-1	-1	2	0	-1	-1	3	0	-1	-1	0	0	-1	-1	5	0	-1	-1	4	0	-1	-1	4	0	-1	-1	3	0	-1	-1	5	0	-1	-1	1	0	-1	-1	5	0	-1	-1	4	0	-1	-1	0	0	-1	-1	4	0	-1	-1	3	0	-1	-1	1	0	-1	-1	3	0	-1	-1	0	0	-1	-1	2	0	-1	-1	2	0	-1	-1	0	0	-1	-1	3	0	-1	-1	4	0	-1	-1	4	0	-1	-1	1	0	-1	-1	2	0	-1	-1	0	0	-1	-1	2	0	-1	-1	3	0	-1	-1	0	0	-1	-1	2	0	-1	-1	1	0	-1	-1	5	0	-1	-1	3	0	-1	-1	1	0	-1	-1	4	0	-1	-1	4	0	0	-1	2	0	0	-1	2	0	0	-1	0	0	0	-1	2	0	0	-1	0	0	0	-1	2	3	0	-1	0	0	0	-1	2	0	0	-1	4	0	0	-1	0	0	0	-1	3	0	0	-1	1	0	0	-1	5	0	-1	-1	1	0	-1	0	4	1	-1	1	3	0	-1	-1	0	0	0	-1	1	0	0	-1	0	0	0	-1	1	0	0	-1	2	0	0	-1	2	0	0	-1	5	0	0	-1	3	0	0	-1	2	0	0	-1	1	0	0	-1	5	0	0	-1	5	0	0	-1	1	0	0	-1	4	0	0	-1	2	0	0	-1	1	0	0	-1	3	0	0	-1	4	1	0	-1	2	0	0	-1	5	0	0	-1	2	0	0	-1	4	0	0	-1	2	0	0	-1	4	0	0	-1	0	0	0	-1	2	0	0	-1	5	0	0	-1	1	0	0	-1	
0	800	5-7-5-6
4	0	-1	-1	2	0	-1	-1	3	0	-1	-1	0	0	-1	-1	5	0	-1	-1	4	0	-1	-1	3	0	-1	-1	3	0	-1	-1	5	0	-1	-1	1	0	-1	-1	5	0	-1	-1	4	0	-1	-1	0	0	-1	-1	4	0	-1	-1	3	0	-1	-1	4	0	-1	-1	3	0	-1	-1	0	0	-1	-1	2	0	-1	-1	2	0	-1	-1	0	0	-1	-1	3	0	-1	-1	4	0	-1	-1	4	0	-1	-1	0	0	-1	-1	2	0	-1	-1	0	0	-1	-1	2	0	-1	-1	3	0	-1	-1	0	0	-1	-1	2	0	-1	-1	1	0	-1	-1	5	0	-1	-1	4	0	-1	-1	1	0	-1	-1	4	0	-1	-1	4	0	0	-1	2	0	0	-1	2	0	0	-1	0	0	0	-1	2	0	0	-1	0	0	0	-1	1	0	0	-1	0	0	0	-1	2	0	0	-1	4	0	0	-1	0	0	0	-1	3	0	0	-1	1	0	0	-1	5	0	-1	-1	1	0	-1	0	1	0	-1	1	4	1	-1	-1	0	0	0	-1	1	0	0	-1	0	0	0	-1	1	0	0	-1	2	0	0	-1	2	0	0	-1	5	0	0	-1	3	0	-1	3	2	0	0	-1	1	0	0	-1	5	0	0	-1	5	0	0	-1	1	0	0	-1	4	0	0	-1	2	0	0	-1	1	0	0	-1	2	3	-1	-1	4	1	0	-1	2	0	0	-1	5	0	0	-1	2	0	0	-1	4	0	0	-1	2	0	0	-1	4	0	0	-1	0	0	0	-1	2	0	0	-1	5	0	0	-1	1	0	0	-1	
0	2000	6-7-7-7
3	0	-1	-1	0	0	-1	-1	4	0	-1	-1	4	0	-1	-1	3	0	-1	-1	4	0	-1	-1	1	0	-1	-1	2	0	-1	-1	1	0	-1	-1	4	0	-1	-1	2	0	-1	-1	3	0	-1	-1	3	0	-1	-1	2	0	-1	-1	4	0	-1	-1	0	0	-1	-1	1	0	-1	-1	4	0	-1	-1	1	0	-1	-1	5	0	-1	-1	4	0	-1	-1	5	0	-1	-1	4	0	-1	-1	5	0	-1	-1	2	0	-1	-1	3	0	-1	-1	2	0	-1	-1	2	0	-1	-1	2	0	-1	-1	0	0	-1	-1	3	0	-1	-1	1	0	-1	-1	3	0	-1	-1	2	0	-1	-1	2	0	-1	-1	5	0	-1	-1	2	0	0	-1	3	0	0	-1	0	0	0	-1	2	0	0	-1	5	0	0	-1	4	0	0	-1	3	0	0	-1	3	0	-1	-1	5	0	-1	-1	4	0	-1	0	2	0	-1	1	2	0	-1	-1	0	0	-1	-1	4	0	-1	-1	3	0	-1	0	4	0	-1	1	0	0	-1	-1	4	0	-1	-1	1	0	0	-1	0	0	0	-1	1	0	0	-1	2	0	0	-1	4	0	-1	-1	4	0	-1	-1	0	0	-1	3	2	0	-1	-1	2	0	0	-1	5	0	0	-1	5	0	0	-1	1	0	0	-1	4	0	0	-1	1	0	-1	-1	5	0	-1	-1	4	0	-1	-1	4	0	-1	-1	1	0	-1	-1	5	0	0	-1	2	0	0	-1	4	0	0	-1	2	0	0	-1	4	0	0	-1	0	0	-1	-1	1	0	-1	-1	5	0	-1	-1	1	0	0	-1	
1	65200	6-3-5-3
3	0	-1	-1	5	0	-1	-1	4	0	-1	-1	4	0	-1	-1	3	0	-1	-1	4	0	-1	-1	1	0	-1	-1	2	0	-1	-1	1	0	-1	-1	4	0	-1	-1	0	0	-1	-1	4	0	-1	-1	4	0	-1	-1	2	0	-1	-1	4	0	-1	-1	0	0	-1	-1	1	0	-1	-1	4	0	-1	-1	1	0	-1	-1	2	0	-1	-1	3	0	-1	-1	3	0	-1	-1	4	0	-1	-1	5	0	-1	-1	2	0	-1	-1	3	0	-1	-1	2	0	-1	-1	2	0	-1	-1	5	0	-1	-1	4	0	-1	-1	5	0	-1	-1	1	0	-1	-1	3	0	-1	-1	2	0	-1	-1	2	0	-1	-1	5	0	-1	-1	2	0	0	-1	2	0	0	-1	0	0	0	-1	3	0	0	-1	5	0	0	-1	4	0	0	-1	3	0	0	-1	3	0	-1	-1	5	0	-1	-1	4	0	-1	0	3	0	-1	1	0	0	-1	-1	2	0	-1	-1	4	0	-1	-1	3	0	-1	0	4	0	-1	1	0	0	-1	-1	4	0	-1	-1	1	0	0	-1	0	0	0	-1	1	0	0	-1	0	0	0	-1	4	0	-1	-1	4	0	-1	-1	0	0	-1	3	2	0	-1	-1	2	0	0	-1	5	0	0	-1	5	0	0	-1	1	0	0	-1	4	0	0	-1	1	0	-1	-1	5	0	-1	-1	4	0	-1	-1	4	0	-1	-1	1	0	-1	-1	5	0	0	-1	2	0	0	-1	4	0	0	-1	2	0	0	-1	4	0	0	-1	0	0	-1	-1	1	0	-1	-1	5	0	-1	-1	1	0	0	-1	
1	65800	7-3-8-3
3	0	-1	-1	5	0	-1	-1	3	0	-1	-1	1	0	-1	-1	3	0	-1	-1	4	0	-1	-1	1	0	-1	-1	2	0	-1	-1	1	0	-1	-1	4	0	-1	-1	0	0	-1	-1	5	0	-1	-1	4	0	-1	-1	3	0	-1	-1	4	0	-1	-1	0	0	-1	-1	1	0	-1	-1	4	0	-1	-1	1	0	-1	-1	2	0	-1	-1	0	0	-1	-1	4	0	-1	-1	2	0	-1	-1	5	0	-1	-1	2	0	-1	-1	3	0	-1	-1	2	0	-1	-1	2	0	-1	-1	5	0	-1	-1	3	0	-1	-1	3	0	-1	-1	4	0	-1	-1	3	0	-1	-1	2	0	-1	-1	2	0	-1	-1	5	0	-1	-1	2	0	0	-1	2	0	0	-1	4	0	0	-1	5	0	0	-1	1	0	0	-1	4	0	0	-1	3	0	0	-1	3	0	-1	-1	5	0	-1	-1	4	0	-1	0	3	0	-1	1	0	0	-1	-1	3	0	-1	-1	5	0	-1	-1	3	0	-1	0	4	0	-1	1	0	0	-1	-1	4	0	-1	-1	1	0	0	-1	0	0	0	-1	0	0	0	-1	2	0	0	-1	4	0	-1	-1	4	0	-1	-1	0	0	-1	3	2	0	-1	-1	2	0	0	-1	5	0	0	-1	5	0	0	-1	1	0	0	-1	0	0	0	-1	4	0	-1	-1	5	0	-1	-1	4	0	-1	-1	4	0	-1	-1	1	0	-1	-1	5	0	0	-1	2	0	0	-1	1	0	-1	-1	2	0	-1	-1	1	0	-1	-1	0	0	-1	-1	1	0	-1	-1	5	0	-1	-1	1	0	0	-1	
1	68800	7-3-6-3
3	0	-1	-1	0	0	-1	-1	5	0	-1	-1	0	0	-1	-1	3	0	-1	-1	4	0	-1	-1	1	0	-1	-1	2	0	-1	-1	1	0	-1	-1	4	0	-1	-1	5	0	-1	-1	3	0	-1	-1	1	0	-1	-1	3	0	-1	-1	4	0	-1	-1	0	0	-1	-1	1	0	-1	-1	4	0	-1	-1	1	0	-1	-1	0	0	-1	-1	5	0	-1	-1	4	0	-1	-1	2	0	-1	-1	5	0	-1	-1	2	0	-1	-1	3	0	-1	-1	2	0	-1	-1	2	0	-1	-1	2	0	-1	-1	0	0	-1	-1	4	0	-1	-1	4	0	-1	-1	3	0	-1	-1	2	0	-1	-1	2	0	-1	-1	5	0	-1	-1	2	0	0	-1	5	0	0	-1	3	0	0	-1	3	0	0	-1	1	0	0	-1	4	0	0	-1	3	0	0	-1	3	0	-1	-1	5	0	-1	-1	4	0	-1	0	2	0	-1	1	4	0	-1	-1	5	0	-1	-1	5	0	-1	-1	3	0	-1	0	4	0	-1	1	0	0	-1	-1	4	0	-1	-1	1	0	0	-1	3	0	-1	3	0	0	-1	0	3	0	-1	1	4	0	-1	-1	4	0	-1	-1	0	0	-1	3	2	0	-1	-1	2	0	0	-1	5	0	0	-1	5	0	0	-1	1	0	0	-1	2	0	0	-1	4	0	-1	-1	5	0	-1	-1	4	0	-1	-1	4	0	-1	-1	1	0	-1	-1	5	0	0	-1	2	0	0	-1	1	0	-1	-1	2	0	-1	-1	1	0	-1	-1	0	0	-1	-1	1	0	-1	-1	5	0	-1	-1	1	0	0	-1	
1	69400	4-0-4-1
3	0	-1	-1	0	0	-1	-1	5	0	-1	-1	0	0	-1	-1	3	0	-1	-1	4	0	-1	-1	1	0	-1	-1	2	0	-1	-1	1	0	-1	-1	4	0	-1	-1	2	0	-1	-1	3	0	-1	-1	1	0	-1	-1	3	0	-1	-1	4	0	-1	-1	0	0	-1	-1	1	0	-1	-1	4	0	-1	-1	1	0	-1	-1	5	0	-1	-1	5	0	-1	-1	4	0	-1	-1	2	0	-1	-1	5	0	-1	-1	2	0	-1	-1	3	0	-1	-1	2	0	-1	-1	2	0	-1	-1	0	0	-1	-1	0	0	-1	-1	4	0	-1	-1	4	0	-1	-1	3	0	-1	-1	2	0	-1	-1	2	0	-1	-1	5	0	-1	-1	5	0	0	-1	5	0	-1	-1	3	0	0	-1	3	0	0	-1	1	0	0	-1	4	0	0	-1	3	0	0	-1	3	0	-1	-1	5	0	-1	-1	4	0	-1	0	0	0	-1	1	4	0	-1	-1	5	0	-1	-1	5	0	-1	-1	3	0	-1	0	4	0	-1	1	0	0	-1	-1	4	0	-1	-1	1	0	0	-1	3	0	-1	3	0	0	-1	0	3	0	-1	1	4	0	-1	-1	4	0	-1	-1	0	0	-1	3	2	0	-1	-1	2	0	0	-1	5	0	0	-1	5	0	0	-1	1	0	0	-1	2	0	0	-1	4	0	-1	-1	5	0	-1	-1	4	0	-1	-1	4	0	-1	-1	1	0	-1	-1	5	0	0	-1	2	0	0	-1	1	0	-1	-1	2	0	-1	-1	1	0	-1	-1	0	0	-1	-1	1	0	-1	-1	5	0	-1	-1	1	0	0	-1	
1	70600	5-6-5-5
3	0	-1	-1	0	0	-1	-1	5	0	-1	-1	2	0	-1	-1	1	0	-1	-1	5	0	-1	-1	1	0	-1	-1	2	0	-1	-1	1	0	-1	-1	4	0	-1	-1	2	0	-1	-1	3	0	-1	-1	0	0	-1	-1	2	0	-1	-1	4	0	-1	-1	0	0	-1	-1	1	0	-1	-1	4	0	-1	-1	1	0	-1	-1	5	0	-1	-1	5	0	-1	-1	0	0	-1	-1	3	0	-1	-1	3	0	-1	-1	2	0	-1	-1	3	0	-1	-1	2	0	-1	-1	2	0	-1	-1	0	0	-1	-1	0	0	-1	-1	1	0	-1	-1	3	0	-1	-1	4	0	-1	-1	2	0	-1	-1	2	0	-1	-1	5	0	-1	-1	5	0	0	-1	5	0	-1	-1	3	0	0	-1	4	0	0	-1	2	0	0	-1	0	0	-1	-1	3	0	0	-1	3	0	-1	-1	5	0	-1	-1	4	0	-1	0	0	0	-1	1	4	0	-1	-1	3	0	-1	-1	1	0	-1	-1	4	0	-1	0	3	0	-1	1	0	0	-1	-1	4	0	-1	-1	1	0	0	-1	3	0	-1	3	0	0	-1	0	3	0	-1	1	4	0	-1	-1	3	0	-1	-1	0	0	-1	3	2	0	-1	-1	2	0	0	-1	5	0	0	-1	5	0	0	-1	1	0	0	-1	2	0	0	-1	4	0	-1	-1	5	0	-1	-1	4	0	-1	-1	4	0	-1	-1	1	0	-1	-1	5	0	0	-1	2	0	0	-1	1	0	-1	-1	2	0	-1	-1	1	0	-1	-1	0	0	-1	-1	1	0	-1	-1	5	0	-1	-1	1	0	0	-1	
1	75400	4-2-4-3
3	0	-1	-1	0	0	-1	-1	5	0	-1	-1	0	0	-1	-1	1	0	-1	-1	5	0	-1	-1	1	0	-1	-1	2	0	-1	-1	1	0	-1	-1	4	0	-1	-1	2	0	-1	-1	3	0	-1	-1	5	0	-1	-1	2	0	-1	-1	4	0	-1	-1	0	0	-1	-1	1	0	-1	-1	4	0	-1	-1	1	0	-1	-1	5	0	-1	-1	5	0	-1	-1	4	0	-1	-1	3	0	-1	-1	3	0	-1	-1	2	0	-1	-1	3	0	-1	-1	2	0	-1	-1	2	0	-1	-1	0	0	-1	-1	0	0	-1	-1	2	0	-1	-1	3	0	-1	-1	4	0	-1	-1	2	0	-1	-1	2	0	-1	-1	5	0	-1	-1	5	0	0	-1	5	0	-1	-1	4	0	0	-1	0	0	-1	-1	2	0	0	-1	0	0	-1	-1	3	0	0	-1	3	0	-1	-1	5	0	-1	-1	4	0	-1	0	0	0	-1	1	4	0	-1	-1	0	0	-1	-1	1	0	-1	-1	4	0	-1	0	3	0	-1	1	0	0	-1	-1	4	0	-1	-1	1	0	0	-1	3	0	-1	3	0	0	-1	0	1	0	-1	1	4	0	-1	-1	3	0	-1	-1	0	0	-1	3	2	0	-1	-1	2	0	0	-1	5	0	0	-1	5	0	0	-1	1	0	0	-1	2	0	0	-1	4	0	-1	-1	5	0	-1	-1	4	0	-1	-1	4	0	-1	-1	1	0	-1	-1	5	0	0	-1	2	0	0	-1	1	0	-1	-1	2	0	-1	-1	1	0	-1	-1	0	0	-1	-1	1	0	-1	-1	5	0	-1	-1	1	0	0	-1	
1	76600	6-3-6-2
3	0	-1	-1	0	0	-1	-1	3	0	-1	-1	2	0	-1	-1	1	0	-1	-1	5	0	-1	-1	1	0	-1	-1	2	0	-1	-1	1	0	-1	-1	4	0	-1	-1	2	0	-1	-1	5	0	-1	-1	5	0	-1	-1	2	0	-1	-1	4	0	-1	-1	0	0	-1	-1	1	0	-1	-1	4	0	-1	-1	1	0	-1	-1	5	0	-1	-1	0	0	-1	-1	2	0	-1	-1	3	0	-1	-1	3	0	-1	-1	2	0	-1	-1	3	0	-1	-1	2	0	-1	-1	2	0	-1	-1	0	0	-1	-1	5	0	-1	-1	0	0	-1	-1	3	0	-1	-1	4	0	-1	-1	2	0	-1	-1	2	0	-1	-1	5	0	-1	-1	5	0	0	-1	5	0	-1	-1	3	0	0	-1	2	0	-1	-1	2	0	0	-1	0	0	-1	-1	3	0	0	-1	3	0	-1	-1	5	0	-1	-1	4	0	-1	0	0	0	-1	1	5	0	-1	-1	1	0	-1	-1	1	0	-1	-1	4	0	-1	0	3	0	-1	1	0	0	-1	-1	4	0	-1	-1	1	0	0	-1	3	0	-1	3	0	0	-1	0	0	0	-1	1	4	0	-1	-1	3	0	-1	-1	0	0	-1	3	2	0	-1	-1	2	0	0	-1	5	0	0	-1	5	0	0	-1	4	0	-1	-1	5	0	-1	-1	4	0	-1	-1	5	0	-1	-1	4	0	-1	-1	4	0	-1	-1	1	0	-1	-1	5	0	0	-1	2	0	0	-1	4	0	-1	-1	4	0	-1	-1	1	0	-1	-1	0	0	-1	-1	1	0	-1	-1	5	0	-1	-1	1	0	0	-1	
2	97400	3-2-4-2
0	0	-1	-1	0	0	-1	-1	2	0	-1	-1	2	0	-1	-1	1	0	-1	-1	5	0	-1	-1	1	0	-1	-1	2	0	-1	-1	1	0	-1	-1	3	0	-1	-1	0	0	-1	-1	3	0	-1	-1	5	0	-1	-1	2	0	-1	-1	4	0	-1	-1	0	0	-1	-1	1	0	-1	-1	4	0	-1	-1	4	0	-1	-1	2	0	-1	-1	5	0	-1	-1	2	0	-1	-1	3	0	-1	-1	3	0	-1	-1	2	0	-1	-1	3	0	-1	-1	2	0	-1	-1	1	0	-1	-1	5	0	-1	-1	0	0	-1	-1	0	0	-1	-1	3	0	-1	-1	4	0	-1	-1	2	0	-1	-1	2	0	-1	-1	5	0	-1	-1	2	0	-1	-1	0	0	-1	-1	3	0	-1	-1	2	0	-1	-1	2	0	0	-1	0	0	-1	-1	3	0	0	-1	3	0	-1	-1	5	0	-1	-1	4	0	-1	0	0	0	-1	1	5	0	-1	-1	1	0	-1	-1	1	0	-1	-1	4	0	-1	0	3	0	-1	1	0	0	-1	-1	4	0	-1	-1	1	0	0	-1	3	0	-1	3	0	0	-1	0	0	0	-1	1	4	0	-1	-1	3	0	-1	-1	0	0	-1	3	2	0	-1	-1	2	0	0	-1	5	0	0	-1	5	0	0	-1	4	0	-1	-1	5	0	-1	-1	4	0	-1	-1	5	0	-1	-1	4	0	-1	-1	4	0	-1	-1	1	0	-1	-1	5	0	0	-1	2	0	0	-1	4	0	-1	-1	4	0	-1	-1	1	0	-1	-1	0	0	-1	-1	1	0	-1	-1	5	0	-1	-1	1	0	0	-1	
2	98000	6-2-6-1
0	0	-1	-1	0	0	-1	-1	3	0	-1	-1	5	0	-1	-1	0	0	-1	-1	5	0	-1	-1	1	0	-1	-1	2	0	-1	-1	1	0	-1	-1	3	0	-1	-1	0	0	-1	-1	5	0	-1	-1	0	0	-1	-1	1	0	-1	-1	4	0	-1	-1	0	0	-1	-1	1	0	-1	-1	4	0	-1	-1	4	0	-1	-1	5	0	-1	-1	3	0	-1	-1	5	0	-1	-1	3	0	-1	-1	3	0	-1	-1	2	0	-1	-1	3	0	-1	-1	2	0	-1	-1	1	0	-1	-1	4	0	-1	-1	5	0	-1	-1	2	0	-1	-1	3	0	-1	-1	4	0	-1	-1	2	0	-1	-1	2	0	-1	-1	5	0	-1	-1	2	0	-1	-1	0	0	-1	-1	3	0	-1	-1	2	0	-1	-1	2	0	0	-1	0	0	-1	-1	3	0	0	-1	3	0	-1	-1	5	0	-1	-1	4	0	-1	0	2	0	-1	1	5	0	-1	-1	1	0	-1	-1	1	0	-1	-1	4	0	-1	0	3	0	-1	1	0	0	-1	-1	4	0	-1	-1	1	0	0	-1	5	0	-1	3	3	0	-1	0	0	0	-1	1	4	0	-1	-1	3	0	-1	-1	0	0	-1	3	2	0	-1	-1	2	0	0	-1	5	0	0	-1	5	0	0	-1	4	0	-1	-1	5	0	-1	-1	4	0	-1	-1	5	0	-1	-1	4	0	-1	-1	4	0	-1	-1	1	0	-1	-1	5	0	0	-1	2	0	0	-1	4	0	-1	-1	4	0	-1	-1	1	0	-1	-1	0	0	-1	-1	1	0	-1	-1	5	0	-1	-1	1	0	0	-1	
2	102200	6-1-6-0
4	0	-1	-1	0	0	-1	-1	3	0	-1	-1	5	0	-1	-1	0	0	-1	-1	5	0	-1	-1	1	0	-1	-1	2	0	-1	-1	1	0	-1	-1	4	0	-1	-1	0	0	-1	-1	5	0	-1	-1	0	0	-1	-1	1	0	-1	-1	4	0	-1	-1	0	0	-1	-1	1	0	-1	-1	4	0	-1	-1	2	0	-1	-1	5	0	-1	-1	3	0	-1	-1	5	0	-1	-1	3	0	-1	-1	3	0	-1	-1	2	0	-1	-1	3	0	-1	-1	2	0	-1	-1	0	0	-1	-1	4	0	-1	-1	5	0	-1	-1	2	0	-1	-1	3	0	-1	-1	4	0	-1	-1	2	0	-1	-1	2	0	-1	-1	5	0	-1	-1	3	0	-1	-1	0	0	-1	-1	3	0	-1	-1	2	0	-1	-1	2	0	0	-1	0	0	-1	-1	3	0	0	-1	3	0	-1	-1	5	0	-1	-1	4	0	-1	0	2	0	-1	1	5	0	-1	-1	1	0	-1	-1	1	0	-1	-1	4	0	-1	0	3	0	-1	1	0	0	-1	-1	4	0	-1	-1	1	0	-1	-1	1	0	-1	3	3	0	-1	0	0	0	-1	1	4	0	-1	-1	3	0	-1	-1	0	0	-1	3	2	0	-1	-1	2	0	0	-1	2	0	-1	-1	5	0	0	-1	4	0	-1	-1	5	0	-1	-1	4	0	-1	-1	5	0	-1	-1	4	0	-1	-1	4	0	-1	-1	1	0	-1	-1	4	0	-1	-1	2	0	0	-1	4	0	-1	-1	4	0	-1	-1	1	0	-1	-1	0	0	-1	-1	1	0	-1	-1	5	0	-1	-1	1	0	0	-1	
3	111400	-1--1--1--1
