Preamble
===============================================================================
t = gem type
bt = bonus type
i = ice layer
mp = medal portion
mu = medals uncovered
s = score
a = action
tmo = total moves
tme = total medals
r = row
c = columns

tmo	tme	r	c
===============================================================================
20	3	9	9


Key for state and progress information.
2 lines represent a state-action pair:
t	bt	i	mp	t	bt	i	mp	t	bt	i	mp	t	bt	i	mp	t	bt	i	mp	t	bt	i	mp	t	bt	i	mp	t	bt	i	mp	t	bt	i	mp	t	bt	i	mp	t	bt	i	mp	t	bt	i	mp	t	bt	i	mp	t	bt	i	mp	t	bt	i	mp	t	bt	i	mp	t	bt	i	mp	t	bt	i	mp	t	bt	i	mp	t	bt	i	mp	t	bt	i	mp	t	bt	i	mp	t	bt	i	mp	t	bt	i	mp	t	bt	i	mp	t	bt	i	mp	t	bt	i	mp	t	bt	i	mp	t	bt	i	mp	t	bt	i	mp	t	bt	i	mp	t	bt	i	mp	t	bt	i	mp	t	bt	i	mp	t	bt	i	mp	t	bt	i	mp	t	bt	i	mp	t	bt	i	mp	t	bt	i	mp	t	bt	i	mp	t	bt	i	mp	t	bt	i	mp	t	bt	i	mp	t	bt	i	mp	t	bt	i	mp	t	bt	i	mp	t	bt	i	mp	t	bt	i	mp	t	bt	i	mp	t	bt	i	mp	t	bt	i	mp	t	bt	i	mp	t	bt	i	mp	t	bt	i	mp	t	bt	i	mp	t	bt	i	mp	t	bt	i	mp	t	bt	i	mp	t	bt	i	mp	t	bt	i	mp	t	bt	i	mp	t	bt	i	mp	t	bt	i	mp	t	bt	i	mp	t	bt	i	mp	t	bt	i	mp	t	bt	i	mp	t	bt	i	mp	t	bt	i	mp	t	bt	i	mp	t	bt	i	mp	t	bt	i	mp	t	bt	i	mp	t	bt	i	mp	t	bt	i	mp	t	bt	i	mp	t	bt	i	mp	t	bt	i	mp	t	bt	i	mp	t	bt	i	mp	t	bt	i	mp	
===============================================================================
mu	s	a
===============================================================================

4	0	-1	-1	5	0	-1	-1	4	0	-1	-1	5	0	-1	-1	0	0	-1	-1	1	0	-1	-1	3	0	-1	-1	0	0	-1	-1	0	0	-1	-1	2	0	-1	-1	3	0	-1	-1	5	0	-1	-1	1	0	-1	-1	4	0	-1	-1	2	0	-1	-1	4	0	-1	-1	3	0	-1	-1	1	0	-1	-1	0	0	-1	-1	1	0	-1	-1	5	0	-1	-1	3	0	-1	-1	0	0	-1	-1	3	0	-1	-1	0	0	-1	-1	5	0	-1	-1	0	0	-1	-1	5	0	-1	-1	5	0	-1	-1	1	0	-1	-1	0	0	-1	-1	4	0	-1	-1	3	0	-1	-1	1	0	-1	-1	2	0	-1	-1	4	0	-1	-1	0	0	0	-1	4	0	0	-1	0	0	0	-1	3	0	0	-1	2	0	0	-1	2	0	0	-1	4	0	0	-1	2	0	0	-1	3	0	0	-1	4	0	0	-1	4	0	0	-1	1	0	0	-1	5	0	0	-1	4	0	0	-1	3	0	0	-1	0	0	0	-1	1	0	0	-1	3	0	0	-1	1	0	0	-1	3	0	0	-1	2	0	0	-1	1	0	0	-1	0	0	0	-1	1	0	0	-1	3	0	0	-1	5	0	0	-1	4	0	0	-1	5	0	0	-1	0	0	0	-1	3	0	0	-1	2	0	0	-1	0	0	0	-1	5	0	0	-1	3	0	0	-1	1	0	0	-1	4	0	0	-1	5	0	0	-1	0	0	0	-1	2	0	0	-1	5	0	0	-1	5	0	0	-1	2	0	0	-1	5	0	0	-1	3	0	0	-1	0	0	0	-1	
0	0	8-5-7-5
4	0	-1	-1	5	0	-1	-1	4	0	-1	-1	2	0	-1	-1	4	0	-1	-1	1	0	-1	-1	1	0	-1	-1	0	0	-1	-1	0	0	-1	-1	2	0	-1	-1	3	0	-1	-1	5	0	-1	-1	5	0	-1	-1	0	0	-1	-1	2	0	-1	-1	3	0	-1	-1	3	0	-1	-1	1	0	-1	-1	0	0	-1	-1	1	0	-1	-1	5	0	-1	-1	1	0	-1	-1	4	0	-1	-1	3	0	-1	-1	4	0	-1	-1	5	0	-1	-1	0	0	-1	-1	5	0	-1	-1	5	0	-1	-1	1	0	-1	-1	3	0	-1	-1	0	0	-1	-1	3	0	-1	-1	0	0	-1	-1	2	0	-1	-1	4	0	-1	-1	0	0	0	-1	4	0	0	-1	0	0	0	-1	0	0	0	-1	4	0	0	-1	2	0	0	-1	1	0	0	-1	2	0	0	-1	3	0	0	-1	4	0	0	-1	4	0	0	-1	1	0	0	-1	3	0	0	-1	2	0	0	-1	3	0	0	-1	4	0	0	-1	1	0	0	-1	3	0	0	-1	1	0	0	-1	3	0	0	-1	2	0	0	-1	5	0	0	-1	4	0	0	-1	1	0	0	-1	0	0	0	-1	5	0	0	-1	4	0	0	-1	5	0	0	-1	0	0	0	-1	3	0	0	-1	1	0	0	-1	0	0	0	-1	2	0	0	-1	3	0	0	-1	1	0	0	-1	4	0	0	-1	5	0	0	-1	0	0	0	-1	2	0	0	-1	2	0	-1	3	0	0	-1	-1	5	1	-1	-1	3	0	-1	-1	3	0	0	-1	0	0	0	-1	
0	400	0-2-0-1
4	0	-1	-1	4	0	-1	-1	0	0	-1	-1	2	0	-1	-1	4	0	-1	-1	1	0	-1	-1	1	0	-1	-1	0	0	-1	-1	0	0	-1	-1	2	0	-1	-1	3	0	-1	-1	1	0	-1	-1	5	0	-1	-1	0	0	-1	-1	2	0	-1	-1	3	0	-1	-1	3	0	-1	-1	1	0	-1	-1	0	0	-1	-1	1	0	-1	-1	0	0	-1	-1	1	0	-1	-1	4	0	-1	-1	3	0	-1	-1	4	0	-1	-1	5	0	-1	-1	0	0	-1	-1	5	0	-1	-1	5	0	-1	-1	1	0	-1	-1	3	0	-1	-1	0	0	-1	-1	3	0	-1	-1	0	0	-1	-1	2	0	-1	-1	4	0	-1	-1	0	0	0	-1	4	0	0	-1	0	0	0	-1	0	0	0	-1	4	0	0	-1	2	0	0	-1	1	0	0	-1	2	0	0	-1	3	0	0	-1	4	0	0	-1	4	0	0	-1	1	0	0	-1	3	0	0	-1	2	0	0	-1	3	0	0	-1	4	0	0	-1	1	0	0	-1	3	0	0	-1	1	0	0	-1	3	0	0	-1	2	0	0	-1	5	0	0	-1	4	0	0	-1	1	0	0	-1	0	0	0	-1	5	0	0	-1	4	0	0	-1	5	0	0	-1	0	0	0	-1	3	0	0	-1	1	0	0	-1	0	0	0	-1	2	0	0	-1	3	0	0	-1	1	0	0	-1	4	0	0	-1	5	0	0	-1	0	0	0	-1	2	0	0	-1	2	0	-1	3	0	0	-1	-1	5	1	-1	-1	3	0	-1	-1	3	0	0	-1	0	0	0	-1	
0	700	2-2-3-2
4	0	-1	-1	2	0	-1	-1	4	0	-1	-1	1	0	-1	-1	4	0	-1	-1	1	0	-1	-1	1	0	-1	-1	0	0	-1	-1	0	0	-1	-1	2	0	-1	-1	4	0	-1	-1	0	0	-1	-1	2	0	-1	-1	0	0	-1	-1	2	0	-1	-1	3	0	-1	-1	3	0	-1	-1	1	0	-1	-1	0	0	-1	-1	3	0	-1	-1	1	0	-1	-1	5	0	-1	-1	4	0	-1	-1	3	0	-1	-1	4	0	-1	-1	5	0	-1	-1	0	0	-1	-1	5	0	-1	-1	5	0	-1	-1	0	0	-1	-1	3	0	-1	-1	0	0	-1	-1	3	0	-1	-1	0	0	-1	-1	2	0	-1	-1	4	0	-1	-1	0	0	0	-1	4	0	0	-1	0	0	0	-1	0	0	0	-1	4	0	0	-1	2	0	0	-1	1	0	0	-1	2	0	0	-1	3	0	0	-1	4	0	0	-1	4	0	0	-1	1	0	0	-1	3	0	0	-1	2	0	0	-1	3	0	0	-1	4	0	0	-1	1	0	0	-1	3	0	0	-1	1	0	0	-1	3	0	0	-1	2	0	0	-1	5	0	0	-1	4	0	0	-1	1	0	0	-1	0	0	0	-1	5	0	0	-1	4	0	0	-1	5	0	0	-1	0	0	0	-1	3	0	0	-1	1	0	0	-1	0	0	0	-1	2	0	0	-1	3	0	0	-1	1	0	0	-1	4	0	0	-1	5	0	0	-1	0	0	0	-1	2	0	0	-1	2	0	-1	3	0	0	-1	-1	5	1	-1	-1	3	0	-1	-1	3	0	0	-1	0	0	0	-1	
0	1000	0-4-0-3
4	0	-1	-1	2	0	-1	-1	4	0	-1	-1	4	0	-1	-1	5	0	-1	-1	1	0	-1	-1	1	0	-1	-1	0	0	-1	-1	0	0	-1	-1	2	0	-1	-1	4	0	-1	-1	0	0	-1	-1	2	0	-1	-1	0	0	-1	-1	2	0	-1	-1	3	0	-1	-1	3	0	-1	-1	1	0	-1	-1	0	0	-1	-1	3	0	-1	-1	1	0	-1	-1	5	0	-1	-1	4	0	-1	-1	3	0	-1	-1	4	0	-1	-1	5	0	-1	-1	0	0	-1	-1	5	0	-1	-1	5	0	-1	-1	0	0	-1	-1	3	0	-1	-1	0	0	-1	-1	3	0	-1	-1	0	0	-1	-1	2	0	-1	-1	4	0	-1	-1	0	0	0	-1	4	0	0	-1	0	0	0	-1	0	0	0	-1	4	0	0	-1	2	0	0	-1	1	0	0	-1	2	0	0	-1	3	0	0	-1	4	0	0	-1	4	0	0	-1	1	0	0	-1	3	0	0	-1	2	0	0	-1	3	0	0	-1	4	0	0	-1	1	0	0	-1	3	0	0	-1	1	0	0	-1	3	0	0	-1	2	0	0	-1	5	0	0	-1	4	0	0	-1	1	0	0	-1	0	0	0	-1	5	0	0	-1	4	0	0	-1	5	0	0	-1	0	0	0	-1	3	0	0	-1	1	0	0	-1	0	0	0	-1	2	0	0	-1	3	0	0	-1	1	0	0	-1	4	0	0	-1	5	0	0	-1	0	0	0	-1	2	0	0	-1	2	0	-1	3	0	0	-1	-1	5	1	-1	-1	3	0	-1	-1	3	0	0	-1	0	0	0	-1	
0	1300	4-5-5-5
4	0	-1	-1	2	0	-1	-1	0	0	-1	-1	3	0	-1	-1	5	0	-1	-1	2	0	-1	-1	4	0	-1	-1	0	0	-1	-1	0	0	-1	-1	2	0	-1	-1	4	0	-1	-1	0	0	-1	-1	2	0	-1	-1	5	0	-1	-1	4	0	-1	-1	1	0	-1	-1	3	0	-1	-1	1	0	-1	-1	0	0	-1	-1	3	0	-1	-1	1	0	-1	-1	5	0	-1	-1	0	0	-1	-1	2	0	-1	-1	3	0	-1	-1	5	0	-1	-1	0	0	-1	-1	5	0	-1	-1	5	0	-1	-1	0	0	-1	-1	3	0	-1	-1	0	0	-1	-1	1	0	-1	-1	0	0	-1	-1	2	0	-1	-1	4	0	-1	-1	0	0	0	-1	4	0	0	-1	0	0	0	-1	0	0	0	-1	4	0	0	-1	2	0	-1	0	1	0	0	-1	2	0	0	-1	3	0	0	-1	4	0	0	-1	4	0	0	-1	1	0	0	-1	3	0	0	-1	2	0	0	-1	2	0	0	-1	4	0	0	-1	1	0	0	-1	3	0	0	-1	1	0	0	-1	3	0	0	-1	2	0	0	-1	5	0	0	-1	4	0	0	-1	1	0	0	-1	0	0	0	-1	5	0	0	-1	4	0	0	-1	5	0	0	-1	0	0	0	-1	3	0	0	-1	1	0	0	-1	0	0	0	-1	2	0	0	-1	3	0	0	-1	1	0	0	-1	4	0	0	-1	5	0	0	-1	0	0	0	-1	2	0	0	-1	2	0	-1	3	0	0	-1	-1	5	1	-1	-1	3	0	-1	-1	3	0	0	-1	0	0	0	-1	
0	3100	4-4-4-3
4	0	-1	-1	2	0	-1	-1	0	0	-1	-1	3	0	-1	-1	5	0	-1	-1	2	0	-1	-1	4	0	-1	-1	0	0	-1	-1	0	0	-1	-1	2	0	-1	-1	4	0	-1	-1	0	0	-1	-1	2	0	-1	-1	3	0	-1	-1	4	0	-1	-1	1	0	-1	-1	3	0	-1	-1	1	0	-1	-1	0	0	-1	-1	3	0	-1	-1	1	0	-1	-1	5	0	-1	-1	2	0	-1	-1	2	0	-1	-1	3	0	-1	-1	5	0	-1	-1	0	0	-1	-1	5	0	-1	-1	5	0	-1	-1	0	0	-1	-1	3	0	-1	-1	5	0	-1	-1	1	0	-1	-1	0	0	-1	-1	2	0	-1	-1	4	0	-1	-1	0	0	0	-1	4	0	0	-1	0	0	0	-1	4	0	0	-1	5	0	-1	-1	2	0	-1	0	1	0	0	-1	2	0	0	-1	3	0	0	-1	4	0	0	-1	4	0	0	-1	1	0	0	-1	3	0	0	-1	2	0	0	-1	2	0	0	-1	4	0	0	-1	1	0	0	-1	3	0	0	-1	1	0	0	-1	3	0	0	-1	2	0	0	-1	5	0	0	-1	4	0	0	-1	1	0	0	-1	0	0	0	-1	5	0	0	-1	4	0	0	-1	5	0	0	-1	0	0	0	-1	3	0	0	-1	1	0	0	-1	0	0	0	-1	2	0	0	-1	3	0	0	-1	1	0	0	-1	4	0	0	-1	5	0	0	-1	0	0	0	-1	2	0	0	-1	2	0	-1	3	0	0	-1	-1	5	1	-1	-1	3	0	-1	-1	3	0	0	-1	0	0	0	-1	
0	3400	6-5-7-5
4	0	-1	-1	2	0	-1	-1	0	0	-1	-1	3	0	-1	-1	5	0	-1	-1	1	0	-1	-1	4	0	-1	-1	0	0	-1	-1	0	0	-1	-1	2	0	-1	-1	4	0	-1	-1	0	0	-1	-1	2	0	-1	-1	3	0	-1	-1	2	0	-1	-1	1	0	-1	-1	3	0	-1	-1	1	0	-1	-1	0	0	-1	-1	3	0	-1	-1	1	0	-1	-1	5	0	-1	-1	2	0	-1	-1	1	0	-1	-1	3	0	-1	-1	5	0	-1	-1	0	0	-1	-1	5	0	-1	-1	5	0	-1	-1	0	0	-1	-1	3	0	-1	-1	5	0	-1	-1	2	0	-1	-1	0	0	-1	-1	2	0	-1	-1	4	0	-1	-1	0	0	0	-1	4	0	0	-1	0	0	0	-1	4	0	0	-1	5	0	-1	-1	4	0	-1	0	1	0	0	-1	2	0	0	-1	3	0	0	-1	4	0	0	-1	4	0	0	-1	1	0	0	-1	3	0	0	-1	2	0	0	-1	2	0	-1	2	4	0	0	-1	1	0	0	-1	3	0	0	-1	1	0	0	-1	3	0	0	-1	2	0	0	-1	5	0	0	-1	4	0	0	-1	1	0	-1	-1	0	0	0	-1	5	0	0	-1	4	0	0	-1	5	0	0	-1	0	0	0	-1	3	0	0	-1	1	0	0	-1	0	0	0	-1	1	0	0	-1	3	0	0	-1	1	0	0	-1	4	0	0	-1	5	0	0	-1	0	0	0	-1	2	0	0	-1	2	0	-1	3	0	0	-1	-1	5	1	-1	-1	3	0	-1	-1	3	0	0	-1	0	0	0	-1	
0	3700	2-2-3-2
4	0	-1	-1	2	0	-1	-1	2	0	-1	-1	3	0	-1	-1	5	0	-1	-1	1	0	-1	-1	4	0	-1	-1	0	0	-1	-1	0	0	-1	-1	2	0	-1	-1	4	0	-1	-1	3	0	-1	-1	2	0	-1	-1	3	0	-1	-1	2	0	-1	-1	1	0	-1	-1	3	0	-1	-1	1	0	-1	-1	0	0	-1	-1	3	0	-1	-1	3	0	-1	-1	5	0	-1	-1	2	0	-1	-1	1	0	-1	-1	3	0	-1	-1	5	0	-1	-1	0	0	-1	-1	5	0	-1	-1	5	0	-1	-1	1	0	-1	-1	3	0	-1	-1	5	0	-1	-1	2	0	-1	-1	0	0	-1	-1	2	0	-1	-1	4	0	-1	-1	0	0	0	-1	4	0	0	-1	0	0	0	-1	4	0	0	-1	5	0	-1	-1	4	0	-1	0	1	0	0	-1	2	0	0	-1	3	0	0	-1	4	0	0	-1	4	0	0	-1	1	0	0	-1	3	0	0	-1	2	0	0	-1	2	0	-1	2	4	0	0	-1	1	0	0	-1	3	0	0	-1	1	0	0	-1	3	0	0	-1	2	0	0	-1	5	0	0	-1	4	0	0	-1	1	0	-1	-1	0	0	0	-1	5	0	0	-1	4	0	0	-1	5	0	0	-1	0	0	0	-1	3	0	0	-1	1	0	0	-1	0	0	0	-1	1	0	0	-1	3	0	0	-1	1	0	0	-1	4	0	0	-1	5	0	0	-1	0	0	0	-1	2	0	0	-1	2	0	-1	3	0	0	-1	-1	5	1	-1	-1	3	0	-1	-1	3	0	0	-1	0	0	0	-1	
0	4000	1-4-2-4
4	0	-1	-1	2	0	-1	-1	2	0	-1	-1	5	0	-1	-1	4	0	-1	-1	2	0	-1	-1	4	0	-1	-1	0	0	-1	-1	0	0	-1	-1	2	0	-1	-1	4	0	-1	-1	3	0	-1	-1	3	0	-1	-1	5	0	-1	-1	1	0	-1	-1	1	0	-1	-1	3	0	-1	-1	1	0	-1	-1	0	0	-1	-1	3	0	-1	-1	3	0	-1	-1	5	0	-1	-1	3	0	-1	-1	1	0	-1	-1	3	0	-1	-1	5	0	-1	-1	0	0	-1	-1	5	0	-1	-1	5	0	-1	-1	1	0	-1	-1	3	0	-1	-1	5	0	-1	-1	2	0	-1	-1	0	0	-1	-1	2	0	-1	-1	4	0	-1	-1	0	0	0	-1	4	0	0	-1	0	0	0	-1	4	0	0	-1	5	0	-1	-1	4	0	-1	0	1	0	0	-1	2	0	0	-1	3	0	0	-1	4	0	0	-1	4	0	0	-1	1	0	0	-1	3	0	0	-1	2	0	0	-1	2	0	-1	2	4	0	0	-1	1	0	0	-1	3	0	0	-1	1	0	0	-1	3	0	0	-1	2	0	0	-1	5	0	0	-1	4	0	0	-1	1	0	-1	-1	0	0	0	-1	5	0	0	-1	4	0	0	-1	5	0	0	-1	0	0	0	-1	3	0	0	-1	1	0	0	-1	0	0	0	-1	1	0	0	-1	3	0	0	-1	1	0	0	-1	4	0	0	-1	5	0	0	-1	0	0	0	-1	2	0	0	-1	2	0	-1	3	0	0	-1	-1	5	1	-1	-1	3	0	-1	-1	3	0	0	-1	0	0	0	-1	
0	4900	1-7-1-8
4	0	-1	-1	2	0	-1	-1	2	0	-1	-1	5	0	-1	-1	4	0	-1	-1	3	0	-1	-1	0	0	-1	-1	5	0	-1	-1	0	0	-1	-1	2	0	-1	-1	4	0	-1	-1	3	0	-1	-1	3	0	-1	-1	5	0	-1	-1	2	0	-1	-1	4	0	-1	-1	0	0	-1	-1	3	0	-1	-1	0	0	-1	-1	3	0	-1	-1	3	0	-1	-1	5	0	-1	-1	3	0	-1	-1	1	0	-1	-1	3	0	-1	-1	5	0	-1	-1	0	0	-1	-1	5	0	-1	-1	5	0	-1	-1	1	0	-1	-1	3	0	-1	-1	5	0	-1	-1	2	0	-1	-1	0	0	-1	-1	2	0	-1	-1	4	0	-1	-1	0	0	0	-1	4	0	0	-1	0	0	0	-1	4	0	0	-1	5	0	-1	-1	4	0	-1	0	1	0	0	-1	2	0	0	-1	3	0	0	-1	4	0	0	-1	4	0	0	-1	1	0	0	-1	3	0	0	-1	2	0	0	-1	2	0	-1	2	4	0	0	-1	1	0	0	-1	3	0	0	-1	1	0	0	-1	3	0	0	-1	2	0	0	-1	5	0	0	-1	4	0	0	-1	1	0	-1	-1	0	0	0	-1	5	0	0	-1	4	0	0	-1	5	0	0	-1	0	0	0	-1	3	0	0	-1	1	0	0	-1	0	0	0	-1	1	0	0	-1	3	0	0	-1	1	0	0	-1	4	0	0	-1	5	0	0	-1	0	0	0	-1	2	0	0	-1	2	0	-1	3	0	0	-1	-1	5	1	-1	-1	3	0	-1	-1	3	0	0	-1	0	0	0	-1	
0	5200	2-3-2-4
4	0	-1	-1	2	0	-1	-1	2	0	-1	-1	5	0	-1	-1	0	0	-1	-1	3	0	-1	-1	0	0	-1	-1	5	0	-1	-1	0	0	-1	-1	2	1	-1	-1	5	0	-1	-1	4	0	-1	-1	2	0	-1	-1	0	0	-1	-1	2	0	-1	-1	4	0	-1	-1	0	0	-1	-1	3	0	-1	-1	0	0	-1	-1	4	0	-1	-1	3	0	-1	-1	5	0	-1	-1	1	0	-1	-1	1	0	-1	-1	3	0	-1	-1	5	0	-1	-1	0	0	-1	-1	5	0	-1	-1	5	0	-1	-1	1	0	-1	-1	3	3	-1	-1	4	0	-1	-1	2	0	-1	-1	0	0	-1	-1	2	0	-1	-1	4	0	-1	-1	0	0	0	-1	4	0	0	-1	0	0	0	-1	4	0	0	-1	5	1	-1	-1	4	0	-1	0	1	0	0	-1	2	0	0	-1	3	0	0	-1	4	0	0	-1	4	0	0	-1	1	0	0	-1	3	0	0	-1	2	0	0	-1	2	0	-1	2	4	0	0	-1	1	0	0	-1	3	0	0	-1	1	0	0	-1	3	0	0	-1	2	0	0	-1	5	0	0	-1	4	0	0	-1	1	0	-1	-1	0	0	0	-1	5	0	0	-1	4	0	0	-1	5	0	0	-1	0	0	0	-1	3	0	0	-1	1	0	0	-1	0	0	0	-1	1	0	0	-1	3	0	0	-1	1	0	0	-1	4	0	0	-1	5	0	0	-1	0	0	0	-1	2	0	0	-1	2	0	-1	3	0	0	-1	-1	5	1	-1	-1	3	0	-1	-1	3	0	0	-1	0	0	0	-1	
0	6900	0-3-1-3
4	0	-1	-1	2	0	-1	-1	2	0	-1	-1	3	0	-1	-1	0	0	-1	-1	3	0	-1	-1	0	0	-1	-1	5	0	-1	-1	0	0	-1	-1	2	1	-1	-1	5	0	-1	-1	4	0	-1	-1	5	0	-1	-1	0	0	-1	-1	2	0	-1	-1	4	0	-1	-1	0	0	-1	-1	3	0	-1	-1	0	0	-1	-1	4	0	-1	-1	3	0	-1	-1	5	0	-1	-1	1	0	-1	-1	1	0	-1	-1	3	0	-1	-1	5	0	-1	-1	0	0	-1	-1	5	0	-1	-1	5	0	-1	-1	1	0	-1	-1	3	3	-1	-1	4	0	-1	-1	2	0	-1	-1	0	0	-1	-1	2	0	-1	-1	4	0	-1	-1	0	0	0	-1	4	0	0	-1	0	0	0	-1	4	0	0	-1	5	1	-1	-1	4	0	-1	0	1	0	0	-1	2	0	0	-1	3	0	0	-1	4	0	0	-1	4	0	0	-1	1	0	0	-1	3	0	0	-1	2	0	0	-1	2	0	-1	2	4	0	0	-1	1	0	0	-1	3	0	0	-1	1	0	0	-1	3	0	0	-1	2	0	0	-1	5	0	0	-1	4	0	0	-1	1	0	-1	-1	0	0	0	-1	5	0	0	-1	4	0	0	-1	5	0	0	-1	0	0	0	-1	3	0	0	-1	1	0	0	-1	0	0	0	-1	1	0	0	-1	3	0	0	-1	1	0	0	-1	4	0	0	-1	5	0	0	-1	0	0	0	-1	2	0	0	-1	2	0	-1	3	0	0	-1	-1	5	1	-1	-1	3	0	-1	-1	3	0	0	-1	0	0	0	-1	
0	7200	0-7-1-7
4	0	-1	-1	2	0	-1	-1	2	0	-1	-1	3	0	-1	-1	0	0	-1	-1	3	0	-1	-1	4	0	-1	-1	2	0	-1	-1	4	0	-1	-1	2	1	-1	-1	5	0	-1	-1	4	0	-1	-1	5	0	-1	-1	0	0	-1	-1	2	0	-1	-1	4	0	-1	-1	1	0	-1	-1	3	0	-1	-1	0	0	-1	-1	4	0	-1	-1	3	0	-1	-1	5	0	-1	-1	1	0	-1	-1	1	0	-1	-1	3	0	-1	-1	4	0	-1	-1	0	0	-1	-1	5	0	-1	-1	5	0	-1	-1	1	0	-1	-1	3	3	-1	-1	4	0	-1	-1	2	0	-1	-1	0	0	-1	-1	2	0	-1	-1	4	0	-1	-1	0	0	0	-1	4	0	0	-1	0	0	0	-1	4	0	0	-1	5	1	-1	-1	4	0	-1	0	1	0	0	-1	2	0	0	-1	3	0	0	-1	4	0	0	-1	4	0	0	-1	1	0	0	-1	3	0	0	-1	2	0	0	-1	2	0	-1	2	4	0	0	-1	1	0	0	-1	3	0	0	-1	1	0	0	-1	3	0	0	-1	2	0	0	-1	5	0	0	-1	4	0	0	-1	1	0	-1	-1	0	0	0	-1	5	0	0	-1	4	0	0	-1	5	0	0	-1	0	0	0	-1	3	0	0	-1	1	0	0	-1	0	0	0	-1	1	0	0	-1	3	0	0	-1	1	0	0	-1	4	0	0	-1	5	0	0	-1	0	0	0	-1	2	0	0	-1	2	0	-1	3	0	0	-1	-1	5	1	-1	-1	3	0	-1	-1	3	0	0	-1	0	0	0	-1	
0	8100	2-6-2-7
4	0	-1	-1	2	0	-1	-1	2	0	-1	-1	3	0	-1	-1	0	0	-1	-1	3	0	-1	-1	0	0	-1	-1	2	0	-1	-1	4	0	-1	-1	2	1	-1	-1	5	0	-1	-1	4	0	-1	-1	5	0	-1	-1	0	0	-1	-1	2	0	-1	-1	2	0	-1	-1	1	0	-1	-1	3	0	-1	-1	0	0	-1	-1	4	0	-1	-1	3	0	-1	-1	5	0	-1	-1	1	0	-1	-1	1	0	-1	-1	0	0	-1	-1	3	0	-1	-1	0	0	-1	-1	5	0	-1	-1	5	0	-1	-1	1	0	-1	-1	3	3	-1	-1	4	0	-1	-1	2	0	-1	-1	0	0	-1	-1	2	0	-1	-1	4	0	-1	-1	0	0	0	-1	4	0	0	-1	0	0	0	-1	4	0	0	-1	5	1	-1	-1	4	0	-1	0	1	0	0	-1	2	0	0	-1	3	0	0	-1	4	0	0	-1	4	0	0	-1	1	0	0	-1	3	0	0	-1	2	0	0	-1	2	0	-1	2	4	0	0	-1	1	0	0	-1	3	0	0	-1	1	0	0	-1	3	0	0	-1	2	0	0	-1	5	0	0	-1	4	0	0	-1	1	0	-1	-1	0	0	0	-1	5	0	0	-1	4	0	0	-1	5	0	0	-1	0	0	0	-1	3	0	0	-1	1	0	0	-1	0	0	0	-1	1	0	0	-1	3	0	0	-1	1	0	0	-1	4	0	0	-1	5	0	0	-1	0	0	0	-1	2	0	0	-1	2	0	-1	3	0	0	-1	-1	5	1	-1	-1	3	0	-1	-1	3	0	0	-1	0	0	0	-1	
0	8400	1-6-0-6
4	0	-1	-1	2	0	-1	-1	2	0	-1	-1	3	0	-1	-1	2	0	-1	-1	3	0	-1	-1	5	0	-1	-1	2	0	-1	-1	4	0	-1	-1	2	1	-1	-1	5	0	-1	-1	4	0	-1	-1	5	0	-1	-1	0	0	-1	-1	0	0	-1	-1	3	0	-1	-1	2	0	-1	-1	3	0	-1	-1	0	0	-1	-1	4	0	-1	-1	3	0	-1	-1	5	0	-1	-1	0	0	-1	-1	3	0	-1	-1	5	0	-1	-1	1	0	-1	-1	0	0	-1	-1	5	0	-1	-1	5	0	-1	-1	1	0	-1	-1	3	3	-1	-1	4	0	-1	-1	2	0	-1	-1	1	0	-1	-1	3	0	-1	-1	4	0	-1	-1	0	0	0	-1	4	0	0	-1	0	0	0	-1	4	0	0	-1	5	1	-1	-1	4	0	-1	0	1	0	0	-1	2	0	0	-1	3	0	0	-1	4	0	0	-1	4	0	0	-1	1	0	0	-1	3	0	0	-1	2	0	0	-1	2	0	-1	2	4	0	0	-1	1	0	0	-1	3	0	0	-1	1	0	0	-1	3	0	0	-1	2	0	0	-1	5	0	0	-1	4	0	0	-1	1	0	-1	-1	0	0	0	-1	5	0	0	-1	4	0	0	-1	5	0	0	-1	0	0	0	-1	3	0	0	-1	1	0	0	-1	0	0	0	-1	1	0	0	-1	3	0	0	-1	1	0	0	-1	4	0	0	-1	5	0	0	-1	0	0	0	-1	2	0	0	-1	2	0	-1	3	0	0	-1	-1	5	1	-1	-1	3	0	-1	-1	3	0	0	-1	0	0	0	-1	
0	10800	0-0-1-0
4	0	-1	-1	3	0	-1	-1	1	0	-1	-1	1	0	-1	-1	4	0	-1	-1	3	0	-1	-1	4	0	-1	-1	5	0	-1	-1	1	0	-1	-1	4	0	-1	-1	5	0	-1	-1	4	0	-1	-1	5	0	-1	-1	0	0	-1	-1	0	0	-1	-1	3	0	-1	-1	2	0	-1	-1	3	0	-1	-1	0	0	-1	-1	4	0	-1	-1	3	0	-1	-1	5	0	-1	-1	0	0	-1	-1	3	0	-1	-1	5	0	-1	-1	1	0	-1	-1	0	0	-1	-1	5	0	-1	-1	5	0	-1	-1	1	0	-1	-1	3	3	-1	-1	4	0	-1	-1	2	0	-1	-1	1	0	-1	-1	3	0	-1	-1	4	0	-1	-1	0	0	0	-1	4	0	0	-1	0	0	0	-1	4	0	0	-1	5	1	-1	-1	4	0	-1	0	1	0	0	-1	2	0	0	-1	3	0	0	-1	4	0	0	-1	4	0	0	-1	1	0	0	-1	3	0	0	-1	2	0	0	-1	2	0	-1	2	4	0	0	-1	1	0	0	-1	3	0	0	-1	1	0	0	-1	3	0	0	-1	2	0	0	-1	5	0	0	-1	4	0	0	-1	1	0	-1	-1	0	0	0	-1	5	0	0	-1	4	0	0	-1	5	0	0	-1	0	0	0	-1	3	0	0	-1	1	0	0	-1	0	0	0	-1	1	0	0	-1	3	0	0	-1	1	0	0	-1	4	0	0	-1	5	0	0	-1	0	0	0	-1	2	0	0	-1	2	0	-1	3	0	0	-1	-1	5	1	-1	-1	3	0	-1	-1	3	0	0	-1	0	0	0	-1	
0	11900	1-1-2-1
3	0	-1	-1	3	0	-1	-1	2	0	-1	-1	1	0	-1	-1	4	0	-1	-1	3	0	-1	-1	4	0	-1	-1	5	0	-1	-1	1	0	-1	-1	4	0	-1	-1	3	0	-1	-1	1	0	-1	-1	5	0	-1	-1	0	0	-1	-1	0	0	-1	-1	3	0	-1	-1	2	0	-1	-1	3	0	-1	-1	0	0	-1	-1	5	0	-1	-1	3	0	-1	-1	5	0	-1	-1	0	0	-1	-1	3	0	-1	-1	5	0	-1	-1	1	0	-1	-1	0	0	-1	-1	5	0	-1	-1	5	0	-1	-1	1	0	-1	-1	3	3	-1	-1	4	0	-1	-1	2	0	-1	-1	1	0	-1	-1	3	0	-1	-1	4	0	-1	-1	0	0	0	-1	4	0	0	-1	0	0	0	-1	4	0	0	-1	5	1	-1	-1	4	0	-1	0	1	0	0	-1	2	0	0	-1	3	0	0	-1	4	0	0	-1	4	0	0	-1	1	0	0	-1	3	0	0	-1	2	0	0	-1	2	0	-1	2	4	0	0	-1	1	0	0	-1	3	0	0	-1	1	0	0	-1	3	0	0	-1	2	0	0	-1	5	0	0	-1	4	0	0	-1	1	0	-1	-1	0	0	0	-1	5	0	0	-1	4	0	0	-1	5	0	0	-1	0	0	0	-1	3	0	0	-1	1	0	0	-1	0	0	0	-1	1	0	0	-1	3	0	0	-1	1	0	0	-1	4	0	0	-1	5	0	0	-1	0	0	0	-1	2	0	0	-1	2	0	-1	3	0	0	-1	-1	5	1	-1	-1	3	0	-1	-1	3	0	0	-1	0	0	0	-1	
0	12200	3-8-3-7
3	0	-1	-1	3	0	-1	-1	2	0	-1	-1	1	0	-1	-1	4	0	-1	-1	3	0	-1	-1	4	0	-1	-1	5	0	-1	-1	2	0	-1	-1	4	0	-1	-1	3	0	-1	-1	1	0	-1	-1	5	0	-1	-1	0	0	-1	-1	0	0	-1	-1	3	0	-1	-1	2	0	-1	-1	4	0	-1	-1	0	0	-1	-1	5	0	-1	-1	3	0	-1	-1	5	0	-1	-1	0	0	-1	-1	3	0	-1	-1	5	0	-1	-1	1	0	-1	-1	0	0	-1	-1	5	0	-1	-1	5	0	-1	-1	1	0	-1	-1	3	3	-1	-1	4	0	-1	-1	2	0	-1	-1	1	0	-1	-1	4	0	-1	-1	1	0	-1	-1	0	0	0	-1	4	0	0	-1	0	0	0	-1	4	0	0	-1	5	1	-1	-1	4	0	-1	0	1	0	0	-1	2	0	0	-1	3	0	-1	-1	4	0	0	-1	4	0	0	-1	1	0	0	-1	3	0	0	-1	2	0	0	-1	2	0	-1	2	4	0	0	-1	1	0	0	-1	0	0	-1	-1	1	0	0	-1	3	0	0	-1	2	0	0	-1	5	0	0	-1	4	0	0	-1	1	0	-1	-1	0	0	0	-1	5	0	0	-1	4	0	0	-1	5	0	0	-1	0	0	0	-1	3	0	0	-1	1	0	0	-1	0	0	0	-1	1	0	0	-1	3	0	0	-1	1	0	0	-1	4	0	0	-1	5	0	0	-1	0	0	0	-1	2	0	0	-1	2	0	-1	3	0	0	-1	-1	5	1	-1	-1	3	0	-1	-1	3	0	0	-1	0	0	0	-1	
0	12500	4-4-3-4
3	0	-1	-1	3	0	-1	-1	2	0	-1	-1	0	0	-1	-1	0	0	-1	-1	3	0	-1	-1	4	0	-1	-1	5	0	-1	-1	2	0	-1	-1	4	0	-1	-1	3	0	-1	-1	1	0	-1	-1	1	0	-1	-1	4	0	-1	-1	3	0	-1	-1	3	0	-1	-1	2	0	-1	-1	4	0	-1	-1	0	0	-1	-1	5	0	-1	-1	3	0	-1	-1	5	0	-1	-1	0	0	-1	-1	0	0	-1	-1	5	0	-1	-1	1	0	-1	-1	0	0	-1	-1	5	0	-1	-1	5	0	-1	-1	1	0	-1	-1	5	0	-1	-1	0	0	-1	-1	3	0	-1	-1	1	0	-1	-1	4	0	-1	-1	1	0	-1	-1	0	0	0	-1	4	0	0	-1	0	0	0	-1	3	3	-1	-1	5	1	-1	-1	2	0	-1	0	1	0	0	-1	2	0	0	-1	3	0	-1	-1	4	0	0	-1	4	0	0	-1	1	0	0	-1	3	0	0	-1	2	0	0	-1	2	0	-1	2	4	0	0	-1	1	0	0	-1	0	0	-1	-1	1	0	0	-1	3	0	0	-1	2	0	0	-1	5	0	0	-1	4	0	0	-1	1	0	-1	-1	0	0	0	-1	5	0	0	-1	4	0	0	-1	5	0	0	-1	0	0	0	-1	3	0	0	-1	1	0	0	-1	0	0	0	-1	1	0	0	-1	3	0	0	-1	1	0	0	-1	4	0	0	-1	5	0	0	-1	0	0	0	-1	2	0	0	-1	2	0	-1	3	0	0	-1	-1	5	1	-1	-1	3	0	-1	-1	3	0	0	-1	0	0	0	-1	
0	12800	1-4-0-4
3	0	-1	-1	3	0	-1	-1	2	0	-1	-1	0	0	-1	-1	5	0	-1	-1	3	0	-1	-1	4	0	-1	-1	5	0	-1	-1	2	0	-1	-1	4	0	-1	-1	3	0	-1	-1	1	0	-1	-1	1	0	-1	-1	0	0	-1	-1	3	0	-1	-1	3	0	-1	-1	2	0	-1	-1	4	0	-1	-1	0	0	-1	-1	5	0	-1	-1	3	0	-1	-1	5	0	-1	-1	1	0	-1	-1	0	0	-1	-1	5	0	-1	-1	1	0	-1	-1	0	0	-1	-1	5	0	-1	-1	5	0	-1	-1	1	0	-1	-1	5	0	-1	-1	4	0	-1	-1	3	0	-1	-1	1	0	-1	-1	4	0	-1	-1	1	0	-1	-1	0	0	0	-1	4	0	0	-1	0	0	0	-1	3	3	-1	-1	5	1	-1	-1	2	0	-1	0	1	0	0	-1	2	0	0	-1	3	0	-1	-1	4	0	0	-1	4	0	0	-1	1	0	0	-1	3	0	0	-1	2	0	0	-1	2	0	-1	2	4	0	0	-1	1	0	0	-1	0	0	-1	-1	1	0	0	-1	3	0	0	-1	2	0	0	-1	5	0	0	-1	4	0	0	-1	1	0	-1	-1	0	0	0	-1	5	0	0	-1	4	0	0	-1	5	0	0	-1	0	0	0	-1	3	0	0	-1	1	0	0	-1	0	0	0	-1	1	0	0	-1	3	0	0	-1	1	0	0	-1	4	0	0	-1	5	0	0	-1	0	0	0	-1	2	0	0	-1	2	0	-1	3	0	0	-1	-1	5	1	-1	-1	3	0	-1	-1	3	0	0	-1	0	0	0	-1	
0	13100	-1--1--1--1
