Preamble
===============================================================================
t = gem type
bt = bonus type
i = ice layer
mp = medal portion
mu = medals uncovered
s = score
a = action
tmo = total moves
tme = total medals
r = row
c = columns
-------------------------------------------------------------------------------
tmo	tme	r	c
===============================================================================
20	3	9	9
-------------------------------------------------------------------------------

Key for state and progress information.
2 lines represent a state-action pair:
t	bt	i	mp	t	bt	i	mp	t	bt	i	mp	t	bt	i	mp	t	bt	i	mp	t	bt	i	mp	t	bt	i	mp	t	bt	i	mp	t	bt	i	mp	t	bt	i	mp	t	bt	i	mp	t	bt	i	mp	t	bt	i	mp	t	bt	i	mp	t	bt	i	mp	t	bt	i	mp	t	bt	i	mp	t	bt	i	mp	t	bt	i	mp	t	bt	i	mp	t	bt	i	mp	t	bt	i	mp	t	bt	i	mp	t	bt	i	mp	t	bt	i	mp	t	bt	i	mp	t	bt	i	mp	t	bt	i	mp	t	bt	i	mp	t	bt	i	mp	t	bt	i	mp	t	bt	i	mp	t	bt	i	mp	t	bt	i	mp	t	bt	i	mp	t	bt	i	mp	t	bt	i	mp	t	bt	i	mp	t	bt	i	mp	t	bt	i	mp	t	bt	i	mp	t	bt	i	mp	t	bt	i	mp	t	bt	i	mp	t	bt	i	mp	t	bt	i	mp	t	bt	i	mp	t	bt	i	mp	t	bt	i	mp	t	bt	i	mp	t	bt	i	mp	t	bt	i	mp	t	bt	i	mp	t	bt	i	mp	t	bt	i	mp	t	bt	i	mp	t	bt	i	mp	t	bt	i	mp	t	bt	i	mp	t	bt	i	mp	t	bt	i	mp	t	bt	i	mp	t	bt	i	mp	t	bt	i	mp	t	bt	i	mp	t	bt	i	mp	t	bt	i	mp	t	bt	i	mp	t	bt	i	mp	t	bt	i	mp	t	bt	i	mp	t	bt	i	mp	t	bt	i	mp	t	bt	i	mp	t	bt	i	mp	t	bt	i	mp	t	bt	i	mp	t	bt	i	mp	t	bt	i	mp	t	bt	i	mp	t	bt	i	mp	
===============================================================================
mu	s	a
===============================================================================

3	0	-1	-1	4	0	-1	-1	0	0	-1	-1	0	0	-1	-1	5	0	-1	-1	2	0	-1	-1	4	0	-1	-1	5	0	-1	-1	0	0	-1	-1	0	0	-1	-1	0	0	-1	-1	3	0	-1	-1	4	0	-1	-1	4	0	-1	-1	3	0	-1	-1	4	0	-1	-1	2	0	-1	-1	5	0	-1	-1	0	0	-1	-1	4	0	-1	-1	3	0	-1	-1	1	0	-1	-1	0	0	-1	-1	0	0	-1	-1	5	0	-1	-1	3	0	-1	-1	5	0	-1	-1	1	0	-1	-1	5	0	-1	-1	1	0	-1	-1	3	0	-1	-1	2	0	-1	-1	5	0	-1	-1	0	0	-1	-1	4	0	-1	-1	4	0	-1	-1	5	0	0	-1	2	0	0	-1	5	0	0	-1	2	0	0	-1	1	0	0	-1	5	0	0	-1	3	0	0	-1	4	0	0	-1	4	0	0	-1	5	0	0	-1	1	0	0	-1	4	0	0	-1	5	0	0	-1	0	0	0	-1	2	0	0	-1	3	0	0	-1	0	0	0	-1	3	0	0	-1	0	0	0	-1	3	0	0	-1	3	0	0	-1	2	0	0	-1	3	0	0	-1	0	0	0	-1	2	0	0	-1	0	0	0	-1	5	0	0	-1	4	0	0	-1	2	0	0	-1	0	0	0	-1	4	0	0	-1	4	0	0	-1	5	0	0	-1	1	0	0	-1	4	0	0	-1	4	0	0	-1	1	0	0	-1	5	0	0	-1	2	0	0	-1	0	0	0	-1	4	0	0	-1	3	0	0	-1	5	0	0	-1	1	0	0	-1	0	0	0	-1	
0	0	6-4-6-3
3	0	-1	-1	1	0	-1	-1	0	0	-1	-1	2	0	-1	-1	5	0	-1	-1	2	0	-1	-1	4	0	-1	-1	5	0	-1	-1	0	0	-1	-1	0	0	-1	-1	4	0	-1	-1	0	0	-1	-1	0	0	-1	-1	4	0	-1	-1	3	0	-1	-1	4	0	-1	-1	2	0	-1	-1	5	0	-1	-1	0	0	-1	-1	0	0	-1	-1	3	0	-1	-1	4	0	-1	-1	0	0	-1	-1	0	0	-1	-1	5	0	-1	-1	3	0	-1	-1	5	0	-1	-1	1	0	-1	-1	4	0	-1	-1	3	0	-1	-1	1	0	-1	-1	2	0	-1	-1	5	0	-1	-1	0	0	-1	-1	4	0	-1	-1	4	0	-1	-1	5	0	0	-1	5	0	0	-1	1	0	0	-1	3	0	0	-1	1	0	0	-1	5	0	0	-1	3	0	0	-1	4	0	0	-1	4	0	0	-1	5	0	0	-1	2	0	0	-1	5	0	0	-1	2	0	0	-1	0	0	0	-1	2	0	0	-1	3	0	0	-1	0	0	0	-1	3	0	0	-1	0	0	0	-1	1	0	-1	-1	4	0	-1	-1	5	0	-1	-1	2	0	0	-1	0	0	0	-1	2	0	0	-1	0	0	0	-1	5	0	0	-1	4	0	0	-1	2	0	0	-1	0	0	0	-1	4	0	0	-1	4	0	0	-1	5	0	0	-1	1	0	0	-1	4	0	0	-1	4	0	0	-1	1	0	0	-1	5	0	0	-1	2	0	0	-1	0	0	0	-1	4	0	0	-1	3	0	0	-1	5	0	0	-1	1	0	0	-1	0	0	0	-1	
0	600	5-4-6-4
3	0	-1	-1	1	0	-1	-1	0	0	-1	-1	5	0	-1	-1	2	0	-1	-1	3	0	-1	-1	2	0	-1	-1	5	0	-1	-1	0	0	-1	-1	0	0	-1	-1	4	0	-1	-1	0	0	-1	-1	2	0	-1	-1	0	0	-1	-1	3	0	-1	-1	3	0	-1	-1	2	0	-1	-1	5	0	-1	-1	0	0	-1	-1	0	0	-1	-1	3	0	-1	-1	0	0	-1	-1	5	0	-1	-1	2	0	-1	-1	1	0	-1	-1	3	0	-1	-1	5	0	-1	-1	1	0	-1	-1	4	0	-1	-1	3	0	-1	-1	4	0	-1	-1	4	0	-1	-1	3	0	-1	-1	5	0	-1	-1	4	0	-1	-1	4	0	-1	-1	5	0	0	-1	5	0	0	-1	1	0	0	-1	1	0	0	-1	2	0	0	-1	5	0	0	-1	3	0	0	-1	4	0	0	-1	4	0	0	-1	5	0	0	-1	2	0	0	-1	5	0	0	-1	3	0	-1	-1	1	0	-1	-1	5	0	-1	2	3	0	0	-1	0	0	0	-1	3	0	0	-1	0	0	0	-1	1	0	-1	-1	4	0	-1	-1	5	0	-1	-1	0	0	0	-1	0	0	0	-1	2	0	0	-1	0	0	0	-1	5	0	0	-1	4	0	0	-1	2	0	0	-1	0	0	0	-1	4	0	0	-1	4	0	0	-1	5	0	0	-1	1	0	0	-1	4	0	0	-1	4	0	0	-1	1	0	0	-1	5	0	0	-1	2	0	0	-1	0	0	0	-1	4	0	0	-1	3	0	0	-1	5	0	0	-1	1	0	0	-1	0	0	0	-1	
0	6000	1-2-2-2
0	0	-1	-1	5	0	-1	-1	0	0	-1	-1	2	0	-1	-1	2	0	-1	-1	3	0	-1	-1	2	0	-1	-1	5	0	-1	-1	0	0	-1	-1	3	0	-1	-1	1	0	-1	-1	3	0	-1	-1	5	0	-1	-1	0	0	-1	-1	3	0	-1	-1	3	0	-1	-1	2	0	-1	-1	5	0	-1	-1	0	0	-1	-1	4	0	-1	-1	0	1	-1	-1	2	0	-1	-1	5	0	-1	-1	2	0	-1	-1	1	0	-1	-1	3	0	-1	-1	5	0	-1	-1	1	0	-1	-1	4	0	-1	-1	3	0	-1	-1	4	0	-1	-1	4	0	-1	-1	3	0	-1	-1	5	0	-1	-1	4	0	-1	-1	4	0	-1	-1	5	0	0	-1	5	0	0	-1	1	0	0	-1	1	0	0	-1	2	0	0	-1	5	0	0	-1	3	0	0	-1	4	0	0	-1	4	0	0	-1	5	0	0	-1	2	0	0	-1	5	0	0	-1	3	0	-1	-1	1	0	-1	-1	5	0	-1	2	3	0	0	-1	0	0	0	-1	3	0	0	-1	0	0	0	-1	1	0	-1	-1	4	0	-1	-1	5	0	-1	-1	0	0	0	-1	0	0	0	-1	2	0	0	-1	0	0	0	-1	5	0	0	-1	4	0	0	-1	2	0	0	-1	0	0	0	-1	4	0	0	-1	4	0	0	-1	5	0	0	-1	1	0	0	-1	4	0	0	-1	4	0	0	-1	1	0	0	-1	5	0	0	-1	2	0	0	-1	0	0	0	-1	4	0	0	-1	3	0	0	-1	5	0	0	-1	1	0	0	-1	0	0	0	-1	
0	6800	5-2-4-2
3	0	-1	-1	5	0	-1	-1	5	0	-1	-1	2	0	-1	-1	2	0	-1	-1	3	0	-1	-1	2	0	-1	-1	5	0	-1	-1	0	0	-1	-1	0	0	-1	-1	5	0	-1	-1	0	0	-1	-1	5	0	-1	-1	0	0	-1	-1	3	0	-1	-1	3	0	-1	-1	2	0	-1	-1	5	0	-1	-1	3	0	-1	-1	1	0	-1	-1	3	0	-1	-1	2	0	-1	-1	5	0	-1	-1	2	0	-1	-1	1	0	-1	-1	3	0	-1	-1	5	0	-1	-1	0	0	-1	-1	4	0	-1	-1	0	1	-1	-1	4	0	-1	-1	4	0	-1	-1	3	0	-1	-1	5	0	-1	-1	4	0	-1	-1	4	0	-1	-1	1	0	-1	-1	4	0	-1	-1	3	0	-1	-1	1	0	0	-1	2	0	0	-1	5	0	0	-1	3	0	0	-1	4	0	0	-1	4	0	0	-1	5	0	0	-1	2	0	0	-1	1	0	0	-1	3	0	-1	-1	1	0	-1	-1	5	0	-1	2	3	0	0	-1	0	0	0	-1	3	0	0	-1	0	0	0	-1	1	0	-1	-1	4	0	-1	-1	5	0	-1	-1	0	0	0	-1	0	0	0	-1	2	0	0	-1	0	0	0	-1	5	0	0	-1	4	0	0	-1	2	0	0	-1	0	0	0	-1	4	0	0	-1	4	0	0	-1	5	0	0	-1	1	0	0	-1	4	0	0	-1	4	0	0	-1	1	0	0	-1	5	0	0	-1	2	0	0	-1	0	0	0	-1	4	0	0	-1	3	0	0	-1	5	0	0	-1	1	0	0	-1	0	0	0	-1	
0	7400	6-7-6-6
3	0	-1	-1	5	0	-1	-1	5	0	-1	-1	2	0	-1	-1	2	0	-1	-1	0	0	-1	-1	5	0	-1	-1	4	0	-1	-1	0	0	-1	-1	0	0	-1	-1	5	0	-1	-1	0	0	-1	-1	5	0	-1	-1	2	0	-1	-1	2	0	-1	-1	3	0	-1	-1	5	0	-1	-1	5	0	-1	-1	3	0	-1	-1	1	0	-1	-1	3	0	-1	-1	2	0	-1	-1	0	0	-1	-1	1	0	-1	-1	2	0	-1	-1	2	0	-1	-1	5	0	-1	-1	0	0	-1	-1	4	0	-1	-1	0	1	-1	-1	4	0	-1	-1	5	0	-1	-1	4	0	-1	-1	1	0	-1	-1	4	0	-1	-1	4	0	-1	-1	1	0	-1	-1	4	0	-1	-1	3	0	-1	-1	1	0	0	-1	4	0	0	-1	4	0	0	-1	5	0	0	-1	4	0	0	-1	4	0	0	-1	5	0	0	-1	2	0	0	-1	1	0	0	-1	3	0	-1	-1	2	0	-1	-1	3	0	-1	2	3	0	0	-1	0	0	0	-1	3	0	0	-1	0	0	0	-1	1	0	-1	-1	4	0	-1	-1	5	0	-1	-1	1	0	-1	-1	2	0	-1	-1	3	0	-1	-1	2	0	0	-1	5	0	0	-1	4	0	0	-1	2	0	0	-1	0	0	0	-1	4	0	0	-1	4	0	0	-1	3	0	-1	1	1	0	0	-1	4	0	0	-1	4	0	0	-1	1	0	0	-1	5	0	0	-1	2	0	0	-1	0	0	0	-1	4	0	0	-1	3	0	0	-1	5	0	0	-1	1	0	0	-1	0	0	0	-1	
0	14000	6-2-7-2
3	0	-1	-1	5	0	-1	-1	4	0	-1	-1	3	0	-1	-1	1	0	-1	-1	2	0	-1	-1	5	0	-1	-1	4	0	-1	-1	0	0	-1	-1	0	0	-1	-1	5	0	-1	-1	5	0	-1	-1	3	0	-1	-1	3	0	-1	-1	0	0	-1	-1	3	0	-1	-1	5	0	-1	-1	5	0	-1	-1	3	0	-1	-1	1	0	-1	-1	0	0	-1	-1	5	0	-1	-1	2	3	-1	-1	1	0	-1	-1	2	0	-1	-1	2	0	-1	-1	5	0	-1	-1	0	0	-1	-1	4	0	-1	-1	3	0	-1	-1	2	0	-1	-1	0	0	-1	-1	4	0	-1	-1	1	0	-1	-1	4	0	-1	-1	4	0	-1	-1	1	0	-1	-1	4	0	-1	-1	0	1	-1	-1	4	0	0	-1	5	0	0	-1	4	0	0	-1	5	0	0	-1	4	0	0	-1	4	0	0	-1	5	0	0	-1	2	0	0	-1	3	0	0	-1	1	0	-1	-1	4	0	-1	-1	3	0	-1	2	3	0	0	-1	0	0	0	-1	3	0	0	-1	0	0	0	-1	1	0	-1	-1	1	0	-1	-1	3	0	-1	-1	2	0	-1	-1	2	0	-1	-1	3	0	-1	-1	2	0	0	-1	5	0	0	-1	4	0	0	-1	2	0	0	-1	0	0	-1	-1	5	0	-1	-1	1	0	-1	0	3	0	-1	1	1	0	0	-1	4	0	0	-1	4	0	0	-1	1	0	0	-1	5	0	0	-1	2	0	0	-1	0	0	0	-1	4	0	0	-1	3	0	0	-1	5	0	0	-1	1	0	0	-1	0	0	0	-1	
0	17600	5-3-6-3
3	0	-1	-1	3	0	-1	-1	4	0	-1	-1	4	0	-1	-1	1	0	-1	-1	2	0	-1	-1	5	0	-1	-1	4	0	-1	-1	0	0	-1	-1	0	0	-1	-1	2	0	-1	-1	4	0	-1	-1	3	0	-1	-1	3	0	-1	-1	0	0	-1	-1	3	0	-1	-1	5	0	-1	-1	5	0	-1	-1	3	0	-1	-1	3	0	-1	-1	5	0	-1	-1	3	0	-1	-1	2	3	-1	-1	1	0	-1	-1	2	0	-1	-1	2	0	-1	-1	5	0	-1	-1	0	0	-1	-1	1	0	-1	-1	0	0	-1	-1	5	0	-1	-1	0	0	-1	-1	4	0	-1	-1	1	0	-1	-1	4	0	-1	-1	4	0	-1	-1	1	0	-1	-1	4	0	-1	-1	3	0	-1	-1	2	0	0	-1	5	0	0	-1	4	0	0	-1	5	0	0	-1	4	0	0	-1	4	0	0	-1	5	0	0	-1	4	0	0	-1	0	1	0	-1	4	0	-1	-1	4	0	-1	-1	3	0	-1	2	3	0	0	-1	0	0	0	-1	3	0	0	-1	0	0	0	-1	2	0	-1	-1	3	0	-1	-1	3	0	-1	-1	2	0	-1	-1	2	0	-1	-1	3	0	-1	-1	2	0	0	-1	5	0	0	-1	4	0	0	-1	2	0	0	-1	0	0	-1	-1	5	0	-1	-1	1	0	-1	0	3	0	-1	1	1	0	0	-1	4	0	0	-1	4	0	0	-1	1	0	0	-1	5	0	0	-1	2	0	0	-1	0	0	0	-1	4	0	0	-1	3	0	0	-1	5	0	0	-1	1	0	0	-1	0	0	0	-1	
0	20600	6-6-6-5
5	0	-1	-1	4	0	-1	-1	5	0	-1	-1	1	0	-1	-1	5	0	-1	-1	2	0	-1	-1	0	0	-1	-1	5	0	-1	-1	0	0	-1	-1	0	0	-1	-1	2	0	-1	-1	0	0	-1	-1	4	0	-1	-1	0	0	-1	-1	1	0	-1	-1	5	0	-1	-1	4	0	-1	-1	5	0	-1	-1	3	0	-1	-1	3	0	-1	-1	0	0	-1	-1	0	0	-1	-1	5	0	-1	-1	3	0	-1	-1	3	0	-1	-1	5	0	-1	-1	5	0	-1	-1	0	0	-1	-1	1	0	-1	-1	5	0	-1	-1	2	0	-1	-1	3	0	-1	-1	4	0	-1	-1	1	0	-1	-1	4	0	-1	-1	4	0	-1	-1	1	0	-1	-1	4	0	-1	-1	0	0	-1	-1	5	0	0	-1	2	0	-1	-1	1	0	0	-1	5	0	0	-1	4	0	0	-1	4	0	0	-1	5	0	0	-1	4	0	0	-1	3	0	0	-1	4	0	-1	-1	1	0	-1	-1	0	0	-1	2	3	0	0	-1	0	0	0	-1	3	0	0	-1	0	0	0	-1	2	0	-1	-1	0	1	-1	-1	2	0	-1	-1	3	1	-1	-1	1	0	-1	-1	2	0	-1	-1	2	0	0	-1	5	0	0	-1	4	0	0	-1	2	0	0	-1	0	0	-1	-1	5	0	-1	-1	3	0	-1	0	4	0	-1	1	1	0	0	-1	4	0	0	-1	4	0	0	-1	1	0	0	-1	5	0	0	-1	2	0	0	-1	0	0	0	-1	5	0	-1	-1	3	1	-1	-1	5	0	0	-1	1	0	0	-1	0	0	0	-1	
1	194700	8-5-8-4
5	0	-1	-1	4	0	-1	-1	5	0	-1	-1	1	0	-1	-1	0	0	-1	-1	2	0	-1	-1	3	0	-1	-1	1	0	-1	-1	0	0	-1	-1	0	0	-1	-1	2	0	-1	-1	0	0	-1	-1	4	0	-1	-1	1	0	-1	-1	2	0	-1	-1	4	0	-1	-1	0	0	-1	-1	0	0	-1	-1	3	0	-1	-1	3	0	-1	-1	0	0	-1	-1	0	0	-1	-1	4	0	-1	-1	1	0	-1	-1	0	0	-1	-1	3	0	-1	-1	5	0	-1	-1	0	0	-1	-1	1	0	-1	-1	5	0	-1	-1	2	0	-1	-1	2	0	-1	-1	4	0	-1	-1	1	0	-1	-1	5	0	-1	-1	4	0	-1	-1	1	0	-1	-1	4	0	-1	-1	0	0	-1	-1	5	0	0	-1	0	0	-1	-1	1	0	0	-1	5	0	0	-1	2	0	-1	-1	4	0	0	-1	5	0	0	-1	4	0	0	-1	3	0	0	-1	4	0	-1	-1	0	0	-1	-1	0	0	-1	2	3	0	0	-1	0	0	0	-1	3	0	0	-1	0	0	0	-1	2	0	-1	-1	0	1	-1	-1	2	0	-1	-1	3	0	-1	-1	1	0	-1	-1	2	0	-1	-1	2	0	0	-1	5	0	0	-1	4	0	0	-1	2	0	0	-1	0	0	-1	-1	5	0	-1	-1	3	0	-1	0	4	0	-1	1	1	0	0	-1	4	0	0	-1	4	0	0	-1	1	0	0	-1	5	0	0	-1	2	0	0	-1	0	0	0	-1	2	0	-1	-1	5	0	-1	-1	5	0	0	-1	1	0	0	-1	0	0	0	-1	
1	219100	8-2-8-1
2	0	-1	-1	4	0	-1	-1	4	0	-1	-1	1	0	-1	-1	0	0	-1	-1	2	0	-1	-1	3	0	-1	-1	1	0	-1	-1	0	0	-1	-1	0	0	-1	-1	2	0	-1	-1	0	0	-1	-1	4	0	-1	-1	1	0	-1	-1	2	0	-1	-1	4	0	-1	-1	0	0	-1	-1	0	0	-1	-1	3	0	-1	-1	2	0	-1	-1	0	0	-1	-1	0	0	-1	-1	4	0	-1	-1	1	0	-1	-1	0	0	-1	-1	3	0	-1	-1	5	0	-1	-1	0	0	-1	-1	4	0	-1	-1	5	0	-1	-1	2	0	-1	-1	2	0	-1	-1	4	0	-1	-1	1	0	-1	-1	5	0	-1	-1	4	0	-1	-1	1	0	-1	-1	2	0	-1	-1	0	0	-1	-1	5	0	0	-1	0	0	-1	-1	1	0	0	-1	5	0	0	-1	2	0	-1	-1	4	0	0	-1	5	0	0	-1	3	0	0	-1	3	0	0	-1	4	0	-1	-1	0	0	-1	-1	0	0	-1	2	3	0	0	-1	0	0	0	-1	3	0	0	-1	0	0	0	-1	1	0	-1	-1	0	1	-1	-1	2	0	-1	-1	3	0	-1	-1	1	0	-1	-1	2	0	-1	-1	2	0	0	-1	5	0	0	-1	4	0	0	-1	4	0	-1	-1	0	0	-1	-1	5	0	-1	-1	3	0	-1	0	4	0	-1	1	1	0	0	-1	4	0	0	-1	4	0	0	-1	1	0	0	-1	4	0	-1	-1	5	0	0	-1	0	0	0	-1	2	0	-1	-1	5	0	-1	-1	5	0	0	-1	1	0	0	-1	0	0	0	-1	
1	221500	7-5-7-6
2	0	-1	-1	4	0	-1	-1	4	0	-1	-1	1	0	-1	-1	0	0	-1	-1	2	0	-1	-1	3	0	-1	-1	0	0	-1	-1	4	0	-1	-1	0	0	-1	-1	2	0	-1	-1	0	0	-1	-1	4	0	-1	-1	1	0	-1	-1	2	0	-1	-1	3	0	-1	-1	1	0	-1	-1	0	0	-1	-1	3	0	-1	-1	2	0	-1	-1	0	0	-1	-1	0	0	-1	-1	4	0	-1	-1	1	0	-1	-1	4	0	-1	-1	0	0	-1	-1	0	0	-1	-1	0	0	-1	-1	4	0	-1	-1	5	0	-1	-1	2	0	-1	-1	2	0	-1	-1	4	0	-1	-1	0	0	-1	-1	3	0	-1	-1	5	0	-1	-1	1	0	-1	-1	2	0	-1	-1	0	0	-1	-1	5	0	0	-1	0	0	-1	-1	1	0	0	-1	1	0	0	-1	5	0	-1	-1	4	0	0	-1	5	0	0	-1	3	0	0	-1	3	0	0	-1	4	0	-1	-1	0	0	-1	-1	0	0	-1	2	5	0	0	-1	2	0	0	-1	4	0	0	-1	0	0	0	-1	1	0	-1	-1	0	1	-1	-1	2	0	-1	-1	3	0	-1	-1	1	0	-1	-1	3	0	-1	-1	0	0	0	-1	3	0	0	-1	4	0	0	-1	4	0	-1	-1	0	0	-1	-1	5	0	-1	-1	3	0	-1	0	1	0	-1	1	2	0	-1	-1	2	0	-1	-1	5	0	-1	-1	1	0	0	-1	4	0	-1	-1	5	0	0	-1	0	0	0	-1	2	0	-1	-1	5	0	-1	-1	5	0	0	-1	1	0	0	-1	0	0	0	-1	
1	222100	4-5-5-5
2	0	-1	-1	4	1	-1	-1	1	0	-1	-1	2	0	-1	-1	2	0	-1	-1	5	0	-1	-1	3	0	-1	-1	0	0	-1	-1	4	0	-1	-1	0	0	-1	-1	2	0	-1	-1	0	0	-1	-1	1	0	-1	-1	0	0	-1	-1	5	0	-1	-1	3	0	-1	-1	1	0	-1	-1	0	0	-1	-1	3	0	-1	-1	2	0	-1	-1	0	0	-1	-1	4	0	-1	-1	1	0	-1	-1	0	0	-1	-1	4	0	-1	-1	0	0	-1	-1	0	0	-1	-1	0	0	-1	-1	4	0	-1	-1	5	0	-1	-1	0	0	-1	-1	4	0	-1	-1	5	0	-1	-1	0	0	-1	-1	3	0	-1	-1	5	0	-1	-1	1	0	-1	-1	2	0	-1	-1	0	0	-1	-1	5	0	0	-1	0	0	-1	-1	2	0	0	-1	1	0	0	-1	5	0	-1	-1	4	0	0	-1	5	0	0	-1	3	0	0	-1	3	0	0	-1	4	0	-1	-1	0	0	-1	-1	1	0	-1	2	5	0	0	-1	2	0	0	-1	4	0	0	-1	0	0	0	-1	1	0	-1	-1	0	1	-1	-1	2	0	-1	-1	3	0	-1	-1	4	0	-1	-1	3	0	-1	-1	0	0	0	-1	3	0	0	-1	4	0	0	-1	4	0	-1	-1	0	0	-1	-1	5	0	-1	-1	3	0	-1	0	0	0	-1	1	2	0	-1	-1	2	0	-1	-1	5	0	-1	-1	1	0	0	-1	4	0	-1	-1	5	0	0	-1	0	0	0	-1	2	0	-1	-1	5	0	-1	-1	5	0	0	-1	1	0	0	-1	0	0	0	-1	
1	226900	4-2-5-2
2	0	-1	-1	4	1	-1	-1	3	0	-1	-1	2	0	-1	-1	2	0	-1	-1	5	0	-1	-1	3	0	-1	-1	0	0	-1	-1	4	0	-1	-1	0	0	-1	-1	2	0	-1	-1	1	0	-1	-1	1	0	-1	-1	0	0	-1	-1	5	0	-1	-1	3	0	-1	-1	1	0	-1	-1	0	0	-1	-1	3	0	-1	-1	2	0	-1	-1	5	0	-1	-1	4	0	-1	-1	1	0	-1	-1	0	0	-1	-1	4	0	-1	-1	0	0	-1	-1	0	0	-1	-1	0	0	-1	-1	4	0	-1	-1	1	0	-1	-1	0	0	-1	-1	4	0	-1	-1	5	0	-1	-1	0	0	-1	-1	3	0	-1	-1	5	0	-1	-1	1	0	-1	-1	2	0	-1	-1	4	0	-1	-1	5	0	0	-1	0	0	-1	-1	2	0	0	-1	1	0	0	-1	5	0	-1	-1	4	0	0	-1	5	0	0	-1	3	0	0	-1	3	0	-1	-1	4	0	-1	-1	0	0	-1	-1	1	0	-1	2	5	0	0	-1	2	0	0	-1	4	0	0	-1	0	0	0	-1	1	0	-1	-1	4	0	-1	-1	2	0	-1	-1	3	0	-1	-1	4	0	-1	-1	3	0	-1	-1	0	0	0	-1	3	0	0	-1	4	0	0	-1	4	0	-1	-1	5	0	-1	-1	5	0	-1	-1	3	0	-1	0	0	0	-1	1	2	0	-1	-1	2	0	-1	-1	5	0	-1	-1	1	0	0	-1	4	0	-1	-1	5	0	-1	-1	0	0	0	-1	2	0	-1	-1	5	0	-1	-1	5	0	0	-1	1	0	0	-1	0	0	0	-1	
1	237900	3-6-2-6
2	0	-1	-1	4	1	-1	-1	3	0	-1	-1	2	0	-1	-1	2	0	-1	-1	5	0	-1	-1	3	0	-1	-1	0	0	-1	-1	3	0	-1	-1	0	0	-1	-1	2	0	-1	-1	1	0	-1	-1	1	0	-1	-1	0	0	-1	-1	4	0	-1	-1	3	0	-1	-1	0	0	-1	-1	4	0	-1	-1	3	0	-1	-1	2	0	-1	-1	5	0	-1	-1	4	0	-1	-1	1	0	-1	-1	1	0	-1	-1	0	1	-1	-1	1	0	-1	-1	0	0	-1	-1	0	0	-1	-1	4	0	-1	-1	1	0	-1	-1	0	0	-1	-1	4	0	-1	-1	3	0	-1	-1	4	0	-1	-1	3	0	-1	-1	5	0	-1	-1	1	0	-1	-1	2	0	-1	-1	4	0	-1	-1	5	0	0	-1	0	0	-1	-1	2	0	0	-1	1	0	0	-1	5	0	-1	-1	4	0	0	-1	5	0	0	-1	3	0	0	-1	3	0	-1	-1	4	0	-1	-1	0	0	-1	-1	1	0	-1	2	5	0	0	-1	2	0	0	-1	4	0	0	-1	0	0	0	-1	1	0	-1	-1	4	0	-1	-1	2	0	-1	-1	3	0	-1	-1	4	0	-1	-1	3	0	-1	-1	0	0	0	-1	3	0	0	-1	4	0	0	-1	4	0	-1	-1	5	0	-1	-1	5	0	-1	-1	3	0	-1	0	0	0	-1	1	2	0	-1	-1	2	0	-1	-1	5	0	-1	-1	1	0	0	-1	4	0	-1	-1	5	0	-1	-1	0	0	0	-1	2	0	-1	-1	5	0	-1	-1	5	0	0	-1	1	0	0	-1	0	0	0	-1	
1	241100	2-6-2-7
2	0	-1	-1	4	1	-1	-1	3	0	-1	-1	2	0	-1	-1	5	0	-1	-1	5	0	-1	-1	2	0	-1	-1	4	0	-1	-1	3	0	-1	-1	0	0	-1	-1	2	0	-1	-1	1	0	-1	-1	1	0	-1	-1	2	0	-1	-1	5	0	-1	-1	3	0	-1	-1	5	0	-1	-1	4	0	-1	-1	3	0	-1	-1	2	0	-1	-1	5	0	-1	-1	4	0	-1	-1	0	0	-1	-1	4	0	-1	-1	3	0	-1	-1	4	0	-1	-1	0	0	-1	-1	0	0	-1	-1	4	0	-1	-1	1	0	-1	-1	0	0	-1	-1	4	0	-1	-1	3	0	-1	-1	4	0	-1	-1	3	0	-1	-1	5	0	-1	-1	1	0	-1	-1	2	0	-1	-1	4	0	-1	-1	5	0	0	-1	0	0	-1	-1	2	0	0	-1	1	0	0	-1	2	0	-1	-1	4	0	0	-1	5	0	0	-1	3	0	0	-1	3	0	-1	-1	4	0	-1	-1	0	0	-1	-1	1	0	-1	2	5	0	0	-1	2	0	-1	0	4	0	0	-1	0	0	0	-1	1	0	-1	-1	4	0	-1	-1	2	0	-1	-1	3	0	-1	-1	4	0	-1	-1	3	0	-1	-1	0	0	-1	2	3	0	0	-1	4	0	0	-1	4	0	-1	-1	5	0	-1	-1	5	0	-1	-1	3	0	-1	0	0	0	-1	1	2	0	-1	-1	2	0	-1	-1	5	0	-1	-1	1	0	0	-1	4	0	-1	-1	5	0	-1	-1	0	0	0	-1	2	0	-1	-1	5	0	-1	-1	5	0	0	-1	3	0	-1	-1	0	0	0	-1	
1	255100	6-7-7-7
2	0	-1	-1	4	1	-1	-1	3	0	-1	-1	2	0	-1	-1	5	0	-1	-1	5	0	-1	-1	4	0	-1	-1	5	0	-1	-1	1	0	-1	-1	0	0	-1	-1	2	0	-1	-1	1	0	-1	-1	1	0	-1	-1	2	0	-1	-1	5	0	-1	-1	2	0	-1	-1	4	0	-1	-1	3	0	-1	-1	3	0	-1	-1	2	0	-1	-1	5	0	-1	-1	4	0	-1	-1	0	0	-1	-1	4	0	-1	-1	3	0	-1	-1	0	0	-1	-1	4	0	-1	-1	0	0	-1	-1	4	0	-1	-1	1	0	-1	-1	0	0	-1	-1	4	0	-1	-1	3	0	-1	-1	3	0	-1	-1	2	0	-1	-1	0	0	-1	-1	1	0	-1	-1	2	0	-1	-1	4	0	-1	-1	5	0	0	-1	0	0	-1	-1	2	0	0	-1	4	0	0	-1	4	0	-1	-1	5	0	0	-1	5	0	0	-1	3	0	0	-1	3	0	-1	-1	4	0	-1	-1	0	0	-1	-1	1	0	-1	2	1	0	0	-1	5	0	-1	0	4	0	0	-1	0	0	0	-1	1	0	-1	-1	4	0	-1	-1	2	0	-1	-1	3	0	-1	-1	4	0	-1	-1	5	0	-1	-1	4	0	-1	2	4	0	-1	3	4	0	0	-1	4	0	-1	-1	5	0	-1	-1	5	0	-1	-1	3	0	-1	0	0	0	-1	1	2	0	-1	-1	0	0	-1	-1	5	0	-1	-1	1	0	0	-1	4	0	-1	-1	5	0	-1	-1	0	0	0	-1	2	0	-1	-1	5	0	-1	-1	5	0	0	-1	3	0	-1	-1	0	0	0	-1	
1	257500	4-7-4-8
2	0	-1	-1	4	1	-1	-1	3	0	-1	-1	2	0	-1	-1	5	0	-1	-1	5	0	-1	-1	4	0	-1	-1	5	0	-1	-1	3	0	-1	-1	0	0	-1	-1	2	0	-1	-1	1	0	-1	-1	1	0	-1	-1	2	0	-1	-1	5	0	-1	-1	2	0	-1	-1	4	0	-1	-1	4	0	-1	-1	3	0	-1	-1	2	0	-1	-1	5	0	-1	-1	4	0	-1	-1	0	0	-1	-1	4	0	-1	-1	3	0	-1	-1	0	0	-1	-1	2	0	-1	-1	0	0	-1	-1	4	0	-1	-1	1	0	-1	-1	0	0	-1	-1	4	0	-1	-1	3	0	-1	-1	3	0	-1	-1	2	0	-1	-1	1	0	-1	-1	1	0	-1	-1	2	0	-1	-1	4	0	-1	-1	5	0	0	-1	0	0	-1	-1	2	0	0	-1	4	0	0	-1	5	0	-1	-1	3	0	-1	-1	5	0	0	-1	3	0	0	-1	3	0	-1	-1	4	0	-1	-1	0	0	-1	-1	1	0	-1	2	1	0	0	-1	5	0	-1	0	4	0	-1	-1	0	0	0	-1	1	0	-1	-1	4	0	-1	-1	2	0	-1	-1	3	0	-1	-1	4	0	-1	-1	5	0	-1	-1	4	0	-1	2	0	0	-1	3	4	0	0	-1	4	0	-1	-1	5	0	-1	-1	5	0	-1	-1	3	0	-1	0	0	0	-1	1	2	0	-1	-1	0	0	-1	-1	5	0	-1	-1	1	0	0	-1	4	0	-1	-1	5	0	-1	-1	0	0	0	-1	2	0	-1	-1	5	0	-1	-1	5	0	0	-1	3	0	-1	-1	0	0	0	-1	
2	266700	3-3-3-4
2	0	-1	-1	4	1	-1	-1	0	0	-1	-1	3	0	-1	-1	3	0	-1	-1	5	0	-1	-1	4	0	-1	-1	5	0	-1	-1	3	0	-1	-1	0	0	-1	-1	2	0	-1	-1	3	0	-1	-1	2	0	-1	-1	3	0	-1	-1	5	0	-1	-1	2	0	-1	-1	4	0	-1	-1	4	0	-1	-1	3	0	-1	-1	2	0	-1	-1	5	0	-1	-1	4	0	-1	-1	0	0	-1	-1	4	0	-1	-1	3	0	-1	-1	0	0	-1	-1	2	0	-1	-1	0	0	-1	-1	4	0	-1	-1	1	0	-1	-1	4	0	-1	-1	5	0	-1	-1	3	0	-1	-1	3	0	-1	-1	2	0	-1	-1	1	0	-1	-1	1	0	-1	-1	2	0	-1	-1	4	0	-1	-1	5	0	0	-1	2	0	-1	-1	2	0	0	-1	4	0	0	-1	5	0	-1	-1	3	0	-1	-1	5	0	0	-1	3	0	0	-1	3	0	-1	-1	4	0	-1	-1	0	1	-1	-1	1	0	-1	2	1	0	0	-1	5	0	-1	0	4	0	-1	-1	0	0	0	-1	1	0	-1	-1	4	0	-1	-1	2	0	-1	-1	3	0	-1	-1	4	0	-1	-1	5	0	-1	-1	4	0	-1	2	0	0	-1	3	4	0	0	-1	4	0	-1	-1	5	0	-1	-1	5	0	-1	-1	3	0	-1	0	0	0	-1	1	2	0	-1	-1	0	0	-1	-1	5	0	-1	-1	1	0	0	-1	4	0	-1	-1	5	0	-1	-1	0	0	0	-1	2	0	-1	-1	5	0	-1	-1	5	0	0	-1	3	0	-1	-1	0	0	0	-1	
2	269500	4-3-4-2
2	0	-1	-1	4	1	-1	-1	0	0	-1	-1	2	0	-1	-1	2	0	-1	-1	3	0	-1	-1	4	0	-1	-1	5	0	-1	-1	3	0	-1	-1	0	0	-1	-1	2	0	-1	-1	3	0	-1	-1	1	0	-1	-1	3	0	-1	-1	5	0	-1	-1	2	0	-1	-1	4	0	-1	-1	4	0	-1	-1	3	0	-1	-1	2	0	-1	-1	5	0	-1	-1	1	0	-1	-1	3	0	-1	-1	5	0	-1	-1	3	0	-1	-1	0	0	-1	-1	2	0	-1	-1	0	0	-1	-1	4	0	-1	-1	1	0	-1	-1	5	0	-1	-1	0	0	-1	-1	4	0	-1	-1	3	0	-1	-1	2	0	-1	-1	1	0	-1	-1	1	0	-1	-1	2	0	-1	-1	5	0	-1	-1	3	0	-1	-1	5	0	-1	-1	3	0	-1	0	4	0	0	-1	5	0	-1	-1	3	0	-1	-1	5	0	0	-1	3	0	0	-1	3	0	-1	-1	4	1	-1	-1	0	1	-1	-1	1	0	-1	2	1	0	0	-1	5	0	-1	0	4	0	-1	-1	0	0	0	-1	1	0	-1	-1	4	0	-1	-1	2	0	-1	-1	3	0	-1	-1	4	0	-1	-1	5	0	-1	-1	4	0	-1	2	0	0	-1	3	4	0	0	-1	4	0	-1	-1	5	0	-1	-1	5	0	-1	-1	3	0	-1	0	0	0	-1	1	2	0	-1	-1	0	0	-1	-1	5	0	-1	-1	1	0	0	-1	4	0	-1	-1	5	0	-1	-1	0	0	0	-1	2	0	-1	-1	5	0	-1	-1	5	0	0	-1	3	0	-1	-1	0	0	0	-1	
2	272300	5-3-5-4
2	0	-1	-1	4	1	-1	-1	0	0	-1	-1	2	0	-1	-1	2	0	-1	-1	3	0	-1	-1	4	0	-1	-1	5	0	-1	-1	3	0	-1	-1	0	0	-1	-1	2	0	-1	-1	3	0	-1	-1	1	0	-1	-1	3	0	-1	-1	5	0	-1	-1	2	0	-1	-1	4	0	-1	-1	4	0	-1	-1	3	0	-1	-1	2	0	-1	-1	5	0	-1	-1	1	0	-1	-1	3	0	-1	-1	5	0	-1	-1	3	0	-1	-1	0	0	-1	-1	2	0	-1	-1	0	0	-1	-1	4	0	-1	-1	1	0	-1	-1	5	0	-1	-1	0	0	-1	-1	4	0	-1	-1	3	0	-1	-1	2	0	-1	-1	1	0	-1	-1	1	0	-1	-1	2	0	-1	-1	5	0	-1	-1	3	0	-1	-1	5	0	-1	-1	3	0	-1	0	4	0	0	-1	5	0	-1	-1	3	0	-1	-1	5	0	0	-1	3	0	0	-1	3	0	-1	-1	4	1	-1	-1	0	1	-1	-1	1	0	-1	2	1	0	0	-1	5	0	-1	0	4	0	-1	-1	0	0	0	-1	1	0	-1	-1	4	0	-1	-1	2	0	-1	-1	3	0	-1	-1	4	0	-1	-1	5	0	-1	-1	4	0	-1	2	0	0	-1	3	4	0	0	-1	4	0	-1	-1	5	0	-1	-1	5	0	-1	-1	3	0	-1	0	0	0	-1	1	2	0	-1	-1	0	0	-1	-1	5	0	-1	-1	1	0	0	-1	4	0	-1	-1	5	0	-1	-1	0	0	0	-1	2	0	-1	-1	5	0	-1	-1	5	0	0	-1	3	0	-1	-1	0	0	0	-1	
2	272300	4-5-4-6
2	0	-1	-1	4	1	-1	-1	0	0	-1	-1	2	0	-1	-1	2	0	-1	-1	3	0	-1	-1	4	0	-1	-1	0	0	-1	-1	0	0	-1	-1	0	0	-1	-1	2	0	-1	-1	3	0	-1	-1	1	0	-1	-1	3	0	-1	-1	5	0	-1	-1	1	0	-1	-1	5	0	-1	-1	3	0	-1	-1	3	0	-1	-1	2	0	-1	-1	5	0	-1	-1	1	0	-1	-1	3	0	-1	-1	5	0	-1	-1	1	0	-1	-1	0	0	-1	-1	2	0	-1	-1	0	0	-1	-1	4	0	-1	-1	1	0	-1	-1	5	0	-1	-1	0	0	-1	-1	4	0	-1	-1	4	3	-1	-1	2	0	-1	-1	1	0	-1	-1	1	0	-1	-1	2	0	-1	-1	5	0	-1	-1	3	0	-1	-1	5	0	-1	-1	4	0	-1	0	2	0	-1	1	5	0	-1	-1	3	0	-1	-1	5	0	0	-1	3	0	0	-1	3	0	-1	-1	4	1	-1	-1	0	1	-1	-1	1	0	-1	2	1	0	0	-1	5	0	-1	0	4	0	-1	-1	0	0	0	-1	1	0	-1	-1	4	0	-1	-1	2	0	-1	-1	3	0	-1	-1	4	0	-1	-1	5	0	-1	-1	4	0	-1	2	0	0	-1	3	4	0	0	-1	4	0	-1	-1	5	0	-1	-1	5	0	-1	-1	3	0	-1	0	0	0	-1	1	2	0	-1	-1	0	0	-1	-1	5	0	-1	-1	1	0	0	-1	4	0	-1	-1	5	0	-1	-1	0	0	0	-1	2	0	-1	-1	5	0	-1	-1	5	0	0	-1	3	0	-1	-1	0	0	0	-1	
2	276500	-1--1--1--1
