Preamble
===============================================================================
t = gem type
bt = bonus type
i = ice layer
mp = medal portion
mu = medals uncovered
s = score
a = action
tmo = total moves
tme = total medals
r = row
c = columns
-------------------------------------------------------------------------------
tmo	tme	r	c
===============================================================================
20	3	9	9
-------------------------------------------------------------------------------

Key for state and progress information.
2 lines represent a state-action pair:
t	bt	i	mp	t	bt	i	mp	t	bt	i	mp	t	bt	i	mp	t	bt	i	mp	t	bt	i	mp	t	bt	i	mp	t	bt	i	mp	t	bt	i	mp	t	bt	i	mp	t	bt	i	mp	t	bt	i	mp	t	bt	i	mp	t	bt	i	mp	t	bt	i	mp	t	bt	i	mp	t	bt	i	mp	t	bt	i	mp	t	bt	i	mp	t	bt	i	mp	t	bt	i	mp	t	bt	i	mp	t	bt	i	mp	t	bt	i	mp	t	bt	i	mp	t	bt	i	mp	t	bt	i	mp	t	bt	i	mp	t	bt	i	mp	t	bt	i	mp	t	bt	i	mp	t	bt	i	mp	t	bt	i	mp	t	bt	i	mp	t	bt	i	mp	t	bt	i	mp	t	bt	i	mp	t	bt	i	mp	t	bt	i	mp	t	bt	i	mp	t	bt	i	mp	t	bt	i	mp	t	bt	i	mp	t	bt	i	mp	t	bt	i	mp	t	bt	i	mp	t	bt	i	mp	t	bt	i	mp	t	bt	i	mp	t	bt	i	mp	t	bt	i	mp	t	bt	i	mp	t	bt	i	mp	t	bt	i	mp	t	bt	i	mp	t	bt	i	mp	t	bt	i	mp	t	bt	i	mp	t	bt	i	mp	t	bt	i	mp	t	bt	i	mp	t	bt	i	mp	t	bt	i	mp	t	bt	i	mp	t	bt	i	mp	t	bt	i	mp	t	bt	i	mp	t	bt	i	mp	t	bt	i	mp	t	bt	i	mp	t	bt	i	mp	t	bt	i	mp	t	bt	i	mp	t	bt	i	mp	t	bt	i	mp	t	bt	i	mp	t	bt	i	mp	t	bt	i	mp	t	bt	i	mp	t	bt	i	mp	t	bt	i	mp	
===============================================================================
mu	s	a
===============================================================================

1	0	-1	-1	3	0	-1	-1	2	0	-1	-1	1	0	-1	-1	1	0	-1	-1	3	0	-1	-1	2	0	-1	-1	1	0	-1	-1	5	0	-1	-1	4	0	-1	-1	0	0	-1	-1	5	0	-1	-1	0	0	-1	-1	5	0	-1	-1	5	0	-1	-1	1	0	-1	-1	1	0	-1	-1	4	0	-1	-1	0	0	-1	-1	2	0	-1	-1	0	0	-1	-1	4	0	-1	-1	1	0	-1	-1	0	0	-1	-1	0	0	-1	-1	2	0	-1	-1	3	0	-1	-1	0	0	-1	-1	2	0	-1	-1	0	0	-1	-1	3	0	-1	-1	1	0	-1	-1	5	0	-1	-1	1	0	-1	-1	4	0	-1	-1	5	0	-1	-1	5	0	0	-1	0	0	0	-1	5	0	0	-1	1	0	0	-1	3	0	0	-1	0	0	0	-1	2	0	0	-1	0	0	0	-1	4	0	0	-1	5	0	0	-1	1	0	0	-1	4	0	0	-1	0	0	0	-1	3	0	0	-1	4	0	0	-1	1	0	0	-1	1	0	0	-1	0	0	0	-1	4	0	0	-1	1	0	0	-1	3	0	0	-1	4	2	0	-1	1	0	0	-1	2	0	0	-1	2	0	0	-1	0	0	0	-1	4	0	0	-1	2	0	0	-1	2	0	0	-1	1	0	0	-1	0	0	0	-1	5	0	0	-1	4	0	0	-1	0	0	0	-1	5	0	0	-1	1	0	0	-1	1	0	0	-1	3	0	0	-1	4	0	0	-1	1	0	0	-1	2	0	0	-1	5	0	0	-1	1	0	0	-1	5	0	0	-1	5	0	0	-1	
0	0	7-2-7-1
1	0	-1	-1	1	0	-1	-1	2	0	-1	-1	1	0	-1	-1	1	0	-1	-1	3	0	-1	-1	2	0	-1	-1	1	0	-1	-1	5	0	-1	-1	4	0	-1	-1	1	0	-1	-1	5	0	-1	-1	0	0	-1	-1	5	0	-1	-1	5	0	-1	-1	1	0	-1	-1	1	0	-1	-1	4	0	-1	-1	0	0	-1	-1	5	0	-1	-1	0	0	-1	-1	4	0	-1	-1	1	0	-1	-1	0	0	-1	-1	0	0	-1	-1	2	0	-1	-1	3	0	-1	-1	0	0	-1	-1	3	0	-1	-1	0	0	-1	-1	3	0	-1	-1	1	0	-1	-1	5	0	-1	-1	1	0	-1	-1	4	0	-1	-1	5	0	-1	-1	5	0	0	-1	0	0	0	-1	5	0	0	-1	1	0	0	-1	3	0	0	-1	0	0	0	-1	2	0	0	-1	0	0	0	-1	4	0	0	-1	5	0	0	-1	2	0	-1	0	4	0	0	-1	0	0	0	-1	3	0	0	-1	4	0	0	-1	1	0	0	-1	1	0	0	-1	0	0	0	-1	4	0	0	-1	2	0	-1	2	3	0	0	-1	4	2	0	-1	1	0	0	-1	2	0	0	-1	2	0	0	-1	0	0	0	-1	4	0	0	-1	2	0	0	-1	0	0	-1	-1	2	0	0	-1	0	0	0	-1	5	0	0	-1	4	0	0	-1	0	0	0	-1	5	0	0	-1	1	0	0	-1	1	0	0	-1	3	0	0	-1	4	0	0	-1	1	0	0	-1	2	0	0	-1	5	0	0	-1	1	0	0	-1	5	0	0	-1	5	0	0	-1	
0	1200	7-2-7-1
1	0	-1	-1	1	0	-1	-1	0	0	-1	-1	2	0	-1	-1	1	0	-1	-1	3	0	-1	-1	2	0	-1	-1	1	0	-1	-1	5	0	-1	-1	4	0	-1	-1	0	0	-1	-1	2	0	-1	-1	1	0	-1	-1	5	0	-1	-1	5	0	-1	-1	1	0	-1	-1	1	0	-1	-1	4	0	-1	-1	0	0	-1	-1	3	0	-1	-1	5	0	-1	-1	0	0	-1	-1	1	0	-1	-1	0	0	-1	-1	0	0	-1	-1	2	0	-1	-1	3	0	-1	-1	0	0	-1	-1	5	0	-1	-1	0	0	-1	-1	4	0	-1	-1	1	0	-1	-1	5	0	-1	-1	1	0	-1	-1	4	0	-1	-1	5	0	-1	-1	5	0	0	-1	1	0	0	-1	0	0	0	-1	3	0	0	-1	3	0	0	-1	0	0	0	-1	2	0	0	-1	0	0	0	-1	4	0	0	-1	5	0	0	-1	1	0	-1	0	5	0	0	-1	1	0	0	-1	3	0	0	-1	4	0	0	-1	1	0	0	-1	1	0	0	-1	0	0	0	-1	4	0	0	-1	5	0	-1	2	4	0	0	-1	0	0	0	-1	1	0	0	-1	2	0	0	-1	2	0	0	-1	0	0	0	-1	4	0	0	-1	2	0	0	-1	3	0	-1	-1	3	0	-1	0	4	2	-1	1	5	0	0	-1	4	0	0	-1	0	0	0	-1	5	0	0	-1	1	0	0	-1	1	0	0	-1	3	0	0	-1	4	0	0	-1	1	0	0	-1	2	0	0	-1	5	0	0	-1	1	0	0	-1	5	0	0	-1	5	0	0	-1	
0	3600	5-1-6-1
3	0	-1	-1	0	0	-1	-1	0	0	-1	-1	2	0	-1	-1	1	0	-1	-1	3	0	-1	-1	2	0	-1	-1	1	0	-1	-1	5	0	-1	-1	1	0	-1	-1	1	0	-1	-1	0	0	-1	-1	1	0	-1	-1	5	0	-1	-1	5	0	-1	-1	1	0	-1	-1	1	0	-1	-1	4	0	-1	-1	4	0	-1	-1	0	0	-1	-1	2	0	-1	-1	0	0	-1	-1	1	0	-1	-1	0	0	-1	-1	0	0	-1	-1	2	0	-1	-1	3	0	-1	-1	0	0	-1	-1	3	0	-1	-1	5	0	-1	-1	4	0	-1	-1	1	0	-1	-1	5	0	-1	-1	1	0	-1	-1	4	0	-1	-1	5	0	-1	-1	0	0	0	-1	5	0	0	-1	0	0	0	-1	3	0	0	-1	3	0	0	-1	0	0	0	-1	2	0	0	-1	0	0	0	-1	4	0	0	-1	5	0	-1	-1	1	0	-1	0	0	0	-1	1	1	0	0	-1	3	0	0	-1	4	0	0	-1	1	0	0	-1	1	0	0	-1	0	0	0	-1	4	0	0	-1	1	0	-1	2	4	0	0	-1	0	0	0	-1	1	0	0	-1	2	0	0	-1	2	0	0	-1	0	0	0	-1	4	0	0	-1	2	0	0	-1	3	0	-1	-1	3	0	-1	0	4	2	-1	1	5	0	0	-1	4	0	0	-1	0	0	0	-1	5	0	0	-1	1	0	0	-1	1	0	0	-1	3	0	0	-1	4	0	0	-1	1	0	0	-1	2	0	0	-1	5	0	0	-1	1	0	0	-1	5	0	0	-1	5	0	0	-1	
0	4200	6-3-6-2
3	0	-1	-1	0	0	-1	-1	2	0	-1	-1	2	0	-1	-1	1	0	-1	-1	3	0	-1	-1	2	0	-1	-1	1	0	-1	-1	5	0	-1	-1	1	0	-1	-1	1	0	-1	-1	0	0	-1	-1	1	0	-1	-1	5	0	-1	-1	5	0	-1	-1	1	0	-1	-1	1	0	-1	-1	4	0	-1	-1	4	0	-1	-1	0	0	-1	-1	3	0	-1	-1	0	0	-1	-1	1	0	-1	-1	0	0	-1	-1	0	0	-1	-1	2	0	-1	-1	3	0	-1	-1	0	0	-1	-1	3	0	-1	-1	0	0	-1	-1	4	0	-1	-1	1	0	-1	-1	5	0	-1	-1	1	0	-1	-1	4	0	-1	-1	5	0	-1	-1	0	0	0	-1	5	0	0	-1	0	0	-1	-1	3	0	0	-1	3	0	0	-1	0	0	0	-1	2	0	0	-1	0	0	0	-1	4	0	0	-1	5	0	-1	-1	1	0	-1	0	2	0	-1	1	1	0	0	-1	3	0	0	-1	4	0	0	-1	1	0	0	-1	1	0	0	-1	0	0	0	-1	4	0	0	-1	1	0	-1	2	5	0	-1	-1	4	0	0	-1	1	0	0	-1	2	0	0	-1	2	0	0	-1	0	0	0	-1	4	0	0	-1	2	0	0	-1	3	0	-1	-1	3	0	-1	0	4	2	-1	1	5	0	0	-1	4	0	0	-1	0	0	0	-1	5	0	0	-1	1	0	0	-1	1	0	0	-1	3	0	0	-1	4	0	0	-1	1	0	0	-1	2	0	0	-1	5	0	0	-1	1	0	0	-1	5	0	0	-1	5	0	0	-1	
1	13400	8-2-8-3
5	0	-1	-1	1	0	-1	-1	0	0	-1	-1	4	0	-1	-1	1	0	-1	-1	5	0	-1	-1	2	0	-1	-1	2	0	-1	-1	0	0	-1	-1	4	0	-1	-1	0	0	-1	-1	2	0	-1	-1	4	0	-1	-1	5	0	-1	-1	4	0	-1	-1	1	0	-1	-1	1	0	-1	-1	0	0	-1	-1	3	0	-1	-1	1	0	-1	-1	0	0	-1	-1	1	0	-1	-1	1	0	-1	-1	3	0	-1	-1	0	0	-1	-1	1	0	-1	-1	3	0	-1	-1	1	0	-1	-1	0	0	-1	-1	3	0	-1	-1	3	0	-1	-1	1	0	-1	-1	5	0	-1	-1	1	0	-1	-1	2	0	-1	-1	5	0	-1	-1	0	0	0	-1	3	0	0	-1	0	0	-1	-1	4	0	0	-1	3	0	0	-1	0	0	0	-1	2	0	0	-1	0	0	0	-1	3	0	-1	-1	0	0	-1	-1	5	0	-1	0	0	0	-1	1	2	0	0	-1	3	0	0	-1	5	0	-1	0	1	0	0	-1	1	0	0	-1	5	0	0	-1	5	0	-1	-1	1	0	-1	2	2	0	-1	-1	1	0	-1	-1	1	0	0	-1	0	0	0	-1	2	0	0	-1	0	0	0	-1	0	0	-1	-1	2	0	0	-1	1	0	-1	-1	5	0	-1	0	0	0	-1	1	5	0	0	-1	2	0	-1	-1	0	0	0	-1	5	0	0	-1	1	0	0	-1	1	0	0	-1	3	0	0	-1	1	0	0	-1	1	0	-1	3	2	0	0	-1	5	0	0	-1	1	0	0	-1	5	0	0	-1	5	0	0	-1	
1	23400	7-6-6-6
5	0	-1	-1	1	0	-1	-1	0	0	-1	-1	4	0	-1	-1	1	0	-1	-1	5	0	-1	-1	2	0	-1	-1	5	0	-1	-1	3	0	-1	-1	4	0	-1	-1	0	0	-1	-1	2	0	-1	-1	4	0	-1	-1	5	0	-1	-1	5	0	-1	-1	1	0	-1	-1	2	0	-1	-1	0	0	-1	-1	3	0	-1	-1	1	0	-1	-1	0	0	-1	-1	1	0	-1	-1	1	0	-1	-1	4	0	-1	-1	0	0	-1	-1	1	0	-1	-1	0	0	-1	-1	1	0	-1	-1	0	0	-1	-1	3	0	-1	-1	3	0	-1	-1	1	0	-1	-1	3	0	-1	-1	1	0	-1	-1	1	0	-1	-1	3	0	-1	-1	0	0	0	-1	3	0	0	-1	0	0	-1	-1	4	0	0	-1	3	0	0	-1	5	0	0	-1	2	0	0	-1	2	0	0	-1	5	0	-1	-1	0	0	-1	-1	5	0	-1	0	0	0	-1	1	2	0	0	-1	3	0	0	-1	0	0	-1	0	1	0	0	-1	0	0	0	-1	3	0	0	-1	5	0	-1	-1	1	0	-1	2	2	0	-1	-1	1	0	-1	-1	1	0	0	-1	5	0	-1	2	0	1	-1	3	1	0	-1	-1	5	0	-1	-1	2	0	0	-1	1	0	-1	-1	5	0	-1	0	0	0	-1	1	5	0	0	-1	2	0	-1	-1	2	0	0	-1	5	0	0	-1	1	0	0	-1	1	0	0	-1	3	0	0	-1	1	0	0	-1	1	0	-1	3	2	0	0	-1	5	0	0	-1	1	0	0	-1	5	0	0	-1	5	0	0	-1	
1	24200	6-6-5-6
1	0	-1	-1	4	0	-1	-1	3	0	-1	-1	2	0	-1	-1	2	0	-1	-1	4	0	-1	-1	3	0	-1	-1	3	0	-1	-1	1	0	-1	-1	5	0	-1	-1	1	0	-1	-1	0	0	-1	-1	4	0	-1	-1	1	0	-1	-1	1	0	-1	-1	2	0	-1	-1	5	0	-1	-1	3	0	-1	-1	4	0	-1	-1	0	0	-1	-1	2	0	-1	-1	4	0	-1	-1	5	0	-1	-1	4	0	-1	-1	1	0	-1	-1	2	0	-1	-1	0	0	-1	-1	3	0	-1	-1	1	0	-1	-1	0	0	-1	-1	1	0	-1	-1	1	0	-1	-1	4	0	-1	-1	0	0	-1	-1	1	0	-1	-1	0	0	-1	-1	1	0	0	-1	0	0	0	-1	3	0	-1	-1	3	0	0	-1	1	0	0	-1	3	0	0	-1	1	0	0	-1	1	0	0	-1	3	0	-1	-1	0	0	-1	-1	3	0	-1	0	0	0	-1	1	4	0	-1	-1	3	0	-1	-1	5	0	-1	0	2	0	-1	-1	2	0	-1	-1	5	0	-1	-1	5	0	-1	-1	1	0	-1	2	2	0	-1	-1	1	0	-1	-1	1	0	0	-1	5	0	-1	2	1	0	-1	3	1	0	-1	-1	5	0	-1	-1	2	0	0	-1	1	0	-1	-1	5	0	-1	0	0	0	-1	1	5	0	0	-1	2	0	-1	-1	2	0	0	-1	5	0	0	-1	1	0	0	-1	1	0	0	-1	3	0	0	-1	1	0	0	-1	1	0	-1	3	2	0	0	-1	5	0	0	-1	1	0	0	-1	5	0	0	-1	5	0	0	-1	
2	36400	7-1-8-1
1	0	-1	-1	5	0	-1	-1	2	0	-1	-1	5	0	-1	-1	0	0	-1	-1	4	0	-1	-1	3	0	-1	-1	3	0	-1	-1	1	0	-1	-1	1	0	-1	-1	1	0	-1	-1	3	0	-1	-1	0	0	-1	-1	2	0	-1	-1	1	0	-1	-1	2	0	-1	-1	5	0	-1	-1	3	0	-1	-1	5	0	-1	-1	0	0	-1	-1	3	0	-1	-1	2	0	-1	-1	4	0	-1	-1	4	0	-1	-1	1	0	-1	-1	2	0	-1	-1	0	0	-1	-1	4	0	-1	-1	1	0	-1	-1	0	0	-1	-1	4	0	-1	-1	0	0	-1	-1	4	0	-1	-1	0	0	-1	-1	1	0	-1	-1	0	0	-1	-1	3	0	0	-1	0	0	0	-1	2	0	-1	-1	4	0	0	-1	2	0	-1	-1	3	0	0	-1	1	0	0	-1	1	0	0	-1	3	0	-1	-1	1	0	-1	-1	3	1	-1	0	0	0	-1	1	1	0	-1	-1	1	0	-1	-1	5	0	-1	0	2	0	-1	-1	2	0	-1	-1	5	0	-1	-1	0	0	-1	-1	1	0	-1	2	0	0	-1	-1	4	0	-1	-1	5	0	-1	-1	5	0	-1	2	1	0	-1	3	1	0	-1	-1	5	0	-1	-1	5	0	0	-1	3	0	-1	-1	2	0	-1	0	1	0	-1	1	5	0	0	-1	2	0	-1	-1	2	0	0	-1	5	0	0	-1	1	0	0	-1	2	0	-1	-1	1	1	-1	-1	5	0	-1	-1	0	0	-1	3	2	0	0	-1	5	0	0	-1	1	0	0	-1	5	0	0	-1	5	0	0	-1	
3	52400	-1--1--1--1
