Preamble
===============================================================================
t = gem type
bt = bonus type
i = ice layer
mp = medal portion
mu = medals uncovered
s = score
a = action
tmo = total moves
tme = total medals
r = row
c = columns
-------------------------------------------------------------------------------
tmo	tme	r	c
===============================================================================
20	3	9	9
-------------------------------------------------------------------------------

Key for state and progress information.
2 lines represent a state-action pair:
t	bt	i	mp	t	bt	i	mp	t	bt	i	mp	t	bt	i	mp	t	bt	i	mp	t	bt	i	mp	t	bt	i	mp	t	bt	i	mp	t	bt	i	mp	t	bt	i	mp	t	bt	i	mp	t	bt	i	mp	t	bt	i	mp	t	bt	i	mp	t	bt	i	mp	t	bt	i	mp	t	bt	i	mp	t	bt	i	mp	t	bt	i	mp	t	bt	i	mp	t	bt	i	mp	t	bt	i	mp	t	bt	i	mp	t	bt	i	mp	t	bt	i	mp	t	bt	i	mp	t	bt	i	mp	t	bt	i	mp	t	bt	i	mp	t	bt	i	mp	t	bt	i	mp	t	bt	i	mp	t	bt	i	mp	t	bt	i	mp	t	bt	i	mp	t	bt	i	mp	t	bt	i	mp	t	bt	i	mp	t	bt	i	mp	t	bt	i	mp	t	bt	i	mp	t	bt	i	mp	t	bt	i	mp	t	bt	i	mp	t	bt	i	mp	t	bt	i	mp	t	bt	i	mp	t	bt	i	mp	t	bt	i	mp	t	bt	i	mp	t	bt	i	mp	t	bt	i	mp	t	bt	i	mp	t	bt	i	mp	t	bt	i	mp	t	bt	i	mp	t	bt	i	mp	t	bt	i	mp	t	bt	i	mp	t	bt	i	mp	t	bt	i	mp	t	bt	i	mp	t	bt	i	mp	t	bt	i	mp	t	bt	i	mp	t	bt	i	mp	t	bt	i	mp	t	bt	i	mp	t	bt	i	mp	t	bt	i	mp	t	bt	i	mp	t	bt	i	mp	t	bt	i	mp	t	bt	i	mp	t	bt	i	mp	t	bt	i	mp	t	bt	i	mp	t	bt	i	mp	t	bt	i	mp	t	bt	i	mp	t	bt	i	mp	
===============================================================================
mu	s	a
===============================================================================

5	0	-1	-1	4	0	-1	-1	0	0	-1	-1	3	0	-1	-1	4	0	-1	-1	3	0	-1	-1	4	0	-1	-1	1	0	-1	-1	5	0	-1	-1	3	0	-1	-1	0	0	-1	-1	3	0	-1	-1	0	0	-1	-1	1	0	-1	-1	5	0	-1	-1	1	0	-1	-1	4	0	-1	-1	0	0	-1	-1	5	0	-1	-1	0	0	-1	-1	4	0	-1	-1	1	0	-1	-1	4	0	-1	-1	5	0	-1	-1	4	0	-1	-1	2	0	-1	-1	1	0	-1	-1	5	0	-1	-1	3	0	-1	-1	5	0	-1	-1	5	0	-1	-1	2	0	-1	-1	1	0	-1	-1	4	0	-1	-1	3	0	-1	-1	1	0	-1	-1	2	0	0	-1	2	0	0	-1	0	0	0	-1	2	0	0	-1	1	0	0	-1	1	0	0	-1	5	0	0	-1	2	0	0	-1	4	0	0	-1	4	0	0	-1	1	0	0	-1	3	0	0	-1	3	0	0	-1	2	0	0	-1	0	0	0	-1	1	0	0	-1	4	0	0	-1	0	0	0	-1	4	0	0	-1	1	0	0	-1	5	0	0	-1	2	0	0	-1	0	0	0	-1	0	0	0	-1	1	0	0	-1	2	0	0	-1	2	0	0	-1	0	0	0	-1	2	0	0	-1	2	0	0	-1	1	0	0	-1	5	0	0	-1	1	0	0	-1	5	0	0	-1	4	0	0	-1	5	0	0	-1	2	0	0	-1	2	0	0	-1	5	0	0	-1	3	0	0	-1	5	0	0	-1	1	0	0	-1	4	0	0	-1	5	0	0	-1	3	0	0	-1	
0	0	6-6-6-5
5	0	-1	-1	4	0	-1	-1	0	0	-1	-1	3	0	-1	-1	1	0	-1	-1	2	0	-1	-1	2	0	-1	-1	1	0	-1	-1	5	0	-1	-1	3	0	-1	-1	0	0	-1	-1	3	0	-1	-1	0	0	-1	-1	4	0	-1	-1	2	0	-1	-1	4	0	-1	-1	4	0	-1	-1	0	0	-1	-1	5	0	-1	-1	0	0	-1	-1	4	0	-1	-1	1	0	-1	-1	1	0	-1	-1	4	0	-1	-1	1	0	-1	-1	2	0	-1	-1	1	0	-1	-1	5	0	-1	-1	3	0	-1	-1	5	0	-1	-1	5	0	-1	-1	2	0	-1	-1	3	0	-1	-1	4	0	-1	-1	3	0	-1	-1	1	0	-1	-1	2	0	0	-1	2	0	0	-1	0	0	0	-1	2	0	0	-1	1	0	0	-1	5	0	0	-1	5	0	0	-1	2	0	0	-1	4	0	0	-1	4	0	0	-1	1	0	0	-1	3	0	0	-1	3	0	0	-1	2	0	0	-1	5	0	0	-1	1	0	0	-1	4	0	0	-1	0	0	0	-1	4	0	0	-1	1	0	0	-1	5	0	0	-1	2	0	0	-1	0	0	0	-1	1	0	-1	-1	0	0	0	-1	2	0	0	-1	2	0	0	-1	0	0	0	-1	2	0	0	-1	2	0	0	-1	1	0	0	-1	5	0	0	-1	1	0	-1	1	5	0	0	-1	4	0	0	-1	5	0	0	-1	2	0	0	-1	2	0	0	-1	5	0	0	-1	3	0	0	-1	5	0	0	-1	0	0	-1	3	4	0	0	-1	5	0	0	-1	3	0	0	-1	
0	2400	6-3-7-3
5	0	-1	-1	4	0	-1	-1	2	0	-1	-1	4	0	-1	-1	1	0	-1	-1	2	0	-1	-1	2	0	-1	-1	1	0	-1	-1	5	0	-1	-1	3	0	-1	-1	4	0	-1	-1	0	0	-1	-1	3	0	-1	-1	4	0	-1	-1	2	0	-1	-1	4	0	-1	-1	4	0	-1	-1	0	0	-1	-1	5	0	-1	-1	0	0	-1	-1	3	0	-1	-1	0	0	-1	-1	1	0	-1	-1	4	0	-1	-1	1	0	-1	-1	2	0	-1	-1	1	0	-1	-1	5	0	-1	-1	0	0	-1	-1	4	0	-1	-1	1	0	-1	-1	2	0	-1	-1	3	0	-1	-1	4	0	-1	-1	3	0	-1	-1	1	0	-1	-1	2	0	0	-1	3	0	0	-1	5	0	0	-1	5	0	0	-1	1	0	0	-1	5	0	0	-1	5	0	0	-1	2	0	0	-1	4	0	0	-1	4	0	0	-1	2	0	0	-1	0	0	0	-1	2	0	0	-1	2	0	0	-1	5	0	0	-1	1	0	0	-1	4	0	0	-1	0	0	0	-1	4	0	0	-1	1	0	0	-1	3	0	0	-1	3	0	0	-1	0	0	0	-1	1	0	-1	-1	0	0	0	-1	2	0	0	-1	2	0	0	-1	0	0	0	-1	1	0	-1	-1	5	0	-1	-1	1	0	-1	-1	5	0	0	-1	1	0	-1	1	5	0	0	-1	4	0	0	-1	5	0	0	-1	2	0	0	-1	2	0	0	-1	5	0	0	-1	3	0	0	-1	5	0	0	-1	0	0	-1	3	4	0	0	-1	5	0	0	-1	3	0	0	-1	
0	3000	5-2-5-1
5	0	-1	-1	4	0	-1	-1	1	0	-1	-1	4	0	-1	-1	5	0	-1	-1	2	0	-1	-1	2	0	-1	-1	1	0	-1	-1	5	0	-1	-1	3	0	-1	-1	4	0	-1	-1	2	0	-1	-1	4	0	-1	-1	1	0	-1	-1	2	0	-1	-1	4	0	-1	-1	4	0	-1	-1	0	0	-1	-1	5	0	-1	-1	0	0	-1	-1	0	0	-1	-1	3	0	-1	-1	4	0	-1	-1	4	0	-1	-1	1	0	-1	-1	2	0	-1	-1	1	0	-1	-1	5	0	-1	-1	0	0	-1	-1	3	0	-1	-1	0	0	-1	-1	1	0	-1	-1	3	0	-1	-1	4	0	-1	-1	3	0	-1	-1	1	0	-1	-1	2	0	0	-1	3	0	0	-1	4	0	0	-1	1	0	0	-1	2	0	0	-1	5	0	0	-1	5	0	0	-1	2	0	0	-1	4	0	0	-1	4	0	0	-1	0	0	0	-1	5	0	-1	-1	5	0	-1	0	1	0	-1	1	5	0	0	-1	1	0	0	-1	4	0	0	-1	0	0	0	-1	4	0	0	-1	1	0	0	-1	3	0	0	-1	3	0	0	-1	0	0	0	-1	1	0	-1	-1	0	0	0	-1	2	0	0	-1	2	0	0	-1	0	0	0	-1	1	0	-1	-1	5	0	-1	-1	1	0	-1	-1	5	0	0	-1	1	0	-1	1	5	0	0	-1	4	0	0	-1	5	0	0	-1	2	0	0	-1	2	0	0	-1	5	0	0	-1	3	0	0	-1	5	0	0	-1	0	0	-1	3	4	0	0	-1	5	0	0	-1	3	0	0	-1	
0	3600	4-1-5-1
5	0	-1	-1	3	0	-1	-1	1	0	-1	-1	4	0	-1	-1	5	0	-1	-1	2	0	-1	-1	2	0	-1	-1	1	0	-1	-1	5	0	-1	-1	3	0	-1	-1	2	0	-1	-1	2	0	-1	-1	4	0	-1	-1	1	0	-1	-1	2	0	-1	-1	4	0	-1	-1	4	0	-1	-1	0	0	-1	-1	5	0	-1	-1	0	0	-1	-1	0	0	-1	-1	3	0	-1	-1	4	0	-1	-1	4	0	-1	-1	1	0	-1	-1	2	0	-1	-1	1	0	-1	-1	5	0	-1	-1	4	0	-1	-1	3	0	-1	-1	0	0	-1	-1	1	0	-1	-1	3	0	-1	-1	4	0	-1	-1	3	0	-1	-1	1	0	-1	-1	2	0	0	-1	4	0	-1	-1	4	0	0	-1	1	0	0	-1	2	0	0	-1	5	0	0	-1	5	0	0	-1	2	0	0	-1	4	0	0	-1	4	0	0	-1	3	0	0	-1	5	0	-1	-1	5	0	-1	0	1	0	-1	1	5	0	0	-1	1	0	0	-1	4	0	0	-1	0	0	0	-1	4	0	0	-1	1	0	0	-1	3	0	0	-1	3	0	0	-1	0	0	0	-1	1	0	-1	-1	0	0	0	-1	2	0	0	-1	2	0	0	-1	0	0	0	-1	1	0	-1	-1	5	0	-1	-1	1	0	-1	-1	5	0	0	-1	1	0	-1	1	5	0	0	-1	4	0	0	-1	5	0	0	-1	2	0	0	-1	2	0	0	-1	5	0	0	-1	3	0	0	-1	5	0	0	-1	0	0	-1	3	4	0	0	-1	5	0	0	-1	3	0	0	-1	
0	4800	7-7-8-7
5	0	-1	-1	3	0	-1	-1	1	0	-1	-1	4	0	-1	-1	5	0	-1	-1	1	0	-1	-1	4	0	-1	-1	1	0	-1	-1	4	0	-1	-1	3	0	-1	-1	2	0	-1	-1	2	0	-1	-1	4	0	-1	-1	1	0	-1	-1	2	0	-1	-1	1	0	-1	-1	4	0	-1	-1	5	0	-1	-1	5	0	-1	-1	0	0	-1	-1	0	0	-1	-1	3	0	-1	-1	4	1	-1	-1	2	0	-1	-1	2	0	-1	-1	1	0	-1	-1	0	0	-1	-1	5	0	-1	-1	4	0	-1	-1	3	0	-1	-1	0	0	-1	-1	1	0	-1	-1	3	0	-1	-1	1	0	-1	-1	2	0	-1	-1	1	0	-1	-1	2	0	0	-1	4	0	-1	-1	4	0	0	-1	1	0	0	-1	2	0	0	-1	5	0	0	-1	4	0	0	-1	3	0	0	-1	1	0	0	-1	4	0	0	-1	3	0	0	-1	5	0	-1	-1	5	0	-1	0	1	0	-1	1	5	0	0	-1	5	0	0	-1	2	0	0	-1	4	0	0	-1	4	0	0	-1	1	0	0	-1	3	0	0	-1	3	0	0	-1	0	0	0	-1	1	0	-1	-1	1	0	0	-1	4	0	0	-1	0	0	0	-1	0	0	0	-1	1	0	-1	-1	5	0	-1	-1	1	0	-1	-1	5	0	0	-1	1	0	-1	1	0	0	-1	2	2	0	-1	3	2	0	-1	-1	2	0	0	-1	2	0	0	-1	5	0	0	-1	3	0	0	-1	5	0	0	-1	0	0	-1	3	4	0	0	-1	4	0	0	-1	3	0	0	-1	
0	7000	2-4-2-3
5	0	-1	-1	5	0	-1	-1	0	0	-1	-1	3	0	-1	-1	5	0	-1	-1	1	0	-1	-1	4	0	-1	-1	1	0	-1	-1	4	0	-1	-1	3	0	-1	-1	3	0	-1	-1	1	0	-1	-1	0	0	-1	-1	1	0	-1	-1	2	0	-1	-1	1	0	-1	-1	4	0	-1	-1	5	0	-1	-1	5	0	-1	-1	2	0	-1	-1	2	0	-1	-1	4	0	-1	-1	3	0	-1	-1	2	0	-1	-1	2	0	-1	-1	1	0	-1	-1	0	0	-1	-1	5	0	-1	-1	4	0	-1	-1	3	0	-1	-1	1	0	-1	-1	1	0	-1	-1	3	0	-1	-1	1	0	-1	-1	2	0	-1	-1	1	0	-1	-1	2	0	0	-1	4	0	-1	-1	4	0	0	-1	0	1	-1	-1	2	0	0	-1	5	0	0	-1	4	0	0	-1	3	0	0	-1	1	0	0	-1	4	0	0	-1	3	0	0	-1	5	0	-1	-1	3	0	-1	0	1	0	-1	1	5	0	0	-1	5	0	0	-1	2	0	0	-1	4	0	0	-1	4	0	0	-1	1	0	0	-1	3	0	0	-1	0	0	-1	2	0	0	0	-1	1	0	-1	-1	1	0	0	-1	4	0	0	-1	0	0	0	-1	0	0	0	-1	1	0	-1	-1	5	0	-1	-1	4	0	-1	-1	5	0	0	-1	1	0	-1	1	0	0	-1	2	2	0	-1	3	2	0	-1	-1	2	0	0	-1	2	0	0	-1	5	0	0	-1	1	0	-1	-1	5	0	0	-1	0	0	-1	3	4	0	0	-1	4	0	0	-1	3	0	0	-1	
0	22800	5-4-6-4
5	0	-1	-1	5	0	-1	-1	0	0	-1	-1	3	0	-1	-1	2	0	-1	-1	1	0	-1	-1	3	0	-1	-1	5	0	-1	-1	1	0	-1	-1	3	0	-1	-1	3	0	-1	-1	1	0	-1	-1	0	0	-1	-1	3	0	-1	-1	4	0	-1	-1	4	0	-1	-1	3	0	-1	-1	4	0	-1	-1	5	0	-1	-1	2	0	-1	-1	2	0	-1	-1	4	0	-1	-1	1	0	-1	-1	1	0	-1	-1	5	0	-1	-1	1	0	-1	-1	5	0	-1	-1	5	0	-1	-1	4	0	-1	-1	3	0	-1	-1	1	0	-1	-1	3	0	-1	-1	2	0	-1	-1	4	0	-1	-1	4	0	-1	-1	0	0	-1	-1	2	0	0	-1	4	0	-1	-1	4	0	0	-1	0	1	-1	-1	1	0	0	-1	3	0	0	-1	1	0	0	-1	3	0	0	-1	1	0	0	-1	4	0	0	-1	3	0	0	-1	5	0	-1	-1	3	0	-1	0	2	0	-1	1	5	0	0	-1	4	0	0	-1	2	0	0	-1	4	0	0	-1	4	0	0	-1	1	0	0	-1	3	0	0	-1	0	0	-1	2	0	0	-1	-1	5	0	-1	-1	5	0	-1	0	4	0	0	-1	0	0	0	-1	0	0	0	-1	1	0	-1	-1	5	0	-1	-1	4	0	-1	-1	5	0	0	-1	1	0	-1	1	0	0	-1	2	2	0	-1	3	2	0	-1	-1	2	0	0	-1	2	0	0	-1	5	0	0	-1	1	0	-1	-1	5	0	0	-1	0	0	-1	3	4	0	0	-1	4	0	0	-1	3	0	0	-1	
1	38800	6-5-6-4
5	0	-1	-1	5	0	-1	-1	0	0	-1	-1	3	0	-1	-1	2	0	-1	-1	1	0	-1	-1	3	0	-1	-1	5	0	-1	-1	1	0	-1	-1	3	0	-1	-1	3	0	-1	-1	1	0	-1	-1	0	0	-1	-1	1	0	-1	-1	4	0	-1	-1	4	0	-1	-1	3	0	-1	-1	4	0	-1	-1	5	0	-1	-1	2	0	-1	-1	2	0	-1	-1	4	0	-1	-1	3	0	-1	-1	1	0	-1	-1	5	0	-1	-1	1	0	-1	-1	5	0	-1	-1	5	0	-1	-1	4	0	-1	-1	3	0	-1	-1	1	0	-1	-1	2	0	-1	-1	2	0	-1	-1	4	0	-1	-1	4	0	-1	-1	0	0	-1	-1	2	0	0	-1	4	0	-1	-1	4	0	0	-1	0	1	-1	-1	3	0	0	-1	3	0	0	-1	1	0	0	-1	3	0	0	-1	1	0	0	-1	4	0	0	-1	3	0	0	-1	5	0	-1	-1	3	0	-1	0	1	0	-1	1	5	0	0	-1	4	0	0	-1	2	0	0	-1	4	0	0	-1	4	0	0	-1	1	0	0	-1	3	0	0	-1	0	0	-1	2	3	0	-1	-1	0	0	-1	-1	5	0	-1	0	4	0	0	-1	0	0	0	-1	0	0	0	-1	1	0	-1	-1	5	0	-1	-1	4	0	-1	-1	1	0	-1	-1	1	0	-1	1	0	0	-1	2	2	0	-1	3	2	0	-1	-1	2	0	0	-1	2	0	0	-1	5	0	0	-1	1	0	-1	-1	2	0	-1	-1	0	0	-1	3	4	0	0	-1	4	0	0	-1	3	0	0	-1	
2	48000	6-7-5-7
5	0	-1	-1	5	0	-1	-1	0	0	-1	-1	3	0	-1	-1	2	0	-1	-1	1	0	-1	-1	4	0	-1	-1	5	0	-1	-1	2	0	-1	-1	3	0	-1	-1	3	0	-1	-1	1	0	-1	-1	0	0	-1	-1	1	0	-1	-1	4	0	-1	-1	3	0	-1	-1	5	0	-1	-1	1	0	-1	-1	5	0	-1	-1	2	0	-1	-1	2	0	-1	-1	4	0	-1	-1	3	0	-1	-1	1	0	-1	-1	4	0	-1	-1	3	0	-1	-1	4	0	-1	-1	5	0	-1	-1	4	0	-1	-1	3	0	-1	-1	1	0	-1	-1	2	0	-1	-1	2	0	-1	-1	5	0	-1	-1	1	0	-1	-1	5	0	-1	-1	2	0	0	-1	4	0	-1	-1	4	0	0	-1	0	1	-1	-1	3	0	0	-1	3	0	0	-1	4	0	0	-1	4	0	0	-1	0	0	0	-1	4	0	0	-1	3	0	0	-1	5	0	-1	-1	3	0	-1	0	1	0	-1	1	5	0	0	-1	1	0	-1	-1	3	0	-1	-1	1	0	-1	-1	4	0	0	-1	1	0	0	-1	3	0	0	-1	0	0	-1	2	3	0	-1	-1	0	0	-1	-1	5	0	-1	0	2	0	0	-1	0	0	0	-1	0	0	0	-1	1	0	-1	-1	5	0	-1	-1	4	0	-1	-1	1	0	-1	-1	1	0	-1	1	0	0	-1	2	2	0	-1	3	2	0	-1	-1	2	0	0	-1	2	0	0	-1	5	0	0	-1	1	0	-1	-1	2	0	-1	-1	0	0	-1	3	4	0	0	-1	4	0	0	-1	3	0	0	-1	
2	48600	7-5-7-6
5	0	-1	-1	5	0	-1	-1	0	0	-1	-1	3	0	-1	-1	3	0	-1	-1	0	0	-1	-1	3	0	-1	-1	3	0	-1	-1	2	0	-1	-1	3	0	-1	-1	3	0	-1	-1	1	0	-1	-1	0	0	-1	-1	2	0	-1	-1	5	0	-1	-1	4	0	-1	-1	5	0	-1	-1	1	0	-1	-1	5	0	-1	-1	2	0	-1	-1	2	0	-1	-1	4	0	-1	-1	1	0	-1	-1	3	0	-1	-1	4	0	-1	-1	5	0	-1	-1	4	0	-1	-1	5	0	-1	-1	4	0	-1	-1	3	0	-1	-1	1	0	-1	-1	3	0	-1	-1	5	0	-1	-1	3	0	-1	-1	3	0	-1	-1	5	0	-1	-1	2	0	0	-1	4	0	-1	-1	4	0	0	-1	0	1	-1	-1	2	0	0	-1	0	0	-1	-1	4	0	-1	-1	1	0	-1	-1	0	0	0	-1	4	0	0	-1	3	0	0	-1	5	0	-1	-1	3	0	-1	0	3	0	-1	1	1	0	-1	-1	5	0	-1	-1	3	0	-1	-1	1	0	-1	-1	4	0	0	-1	1	0	0	-1	3	0	0	-1	0	0	-1	2	3	0	-1	-1	2	0	-1	-1	5	0	-1	0	2	0	0	-1	0	0	0	-1	0	0	0	-1	1	0	-1	-1	5	0	-1	-1	4	0	-1	-1	1	0	-1	-1	3	0	-1	1	1	0	-1	2	2	0	-1	3	2	0	-1	-1	2	0	0	-1	2	0	0	-1	5	0	0	-1	1	0	-1	-1	2	0	-1	-1	5	0	-1	3	4	0	0	-1	4	0	0	-1	3	0	0	-1	
2	53400	2-5-3-5
5	0	-1	-1	5	0	-1	-1	0	0	-1	-1	3	0	-1	-1	1	0	-1	-1	0	0	-1	-1	0	0	-1	-1	3	0	-1	-1	2	0	-1	-1	3	0	-1	-1	3	0	-1	-1	1	0	-1	-1	0	0	-1	-1	3	0	-1	-1	5	0	-1	-1	2	0	-1	-1	3	0	-1	-1	1	0	-1	-1	5	0	-1	-1	2	0	-1	-1	2	0	-1	-1	4	0	-1	-1	2	0	-1	-1	5	0	-1	-1	1	0	-1	-1	5	0	-1	-1	4	0	-1	-1	5	0	-1	-1	4	0	-1	-1	3	0	-1	-1	1	0	-1	-1	1	0	-1	-1	3	1	-1	-1	3	0	-1	-1	5	0	-1	-1	5	0	-1	-1	2	0	0	-1	4	0	-1	-1	4	0	0	-1	0	1	-1	-1	2	0	0	-1	0	0	-1	-1	3	0	-1	-1	1	0	-1	-1	0	0	0	-1	4	0	0	-1	3	0	0	-1	5	0	-1	-1	3	0	-1	0	3	0	-1	1	1	0	-1	-1	5	0	-1	-1	3	0	-1	-1	1	0	-1	-1	4	0	0	-1	1	0	0	-1	3	0	0	-1	0	0	-1	2	3	0	-1	-1	2	0	-1	-1	5	0	-1	0	2	0	0	-1	0	0	0	-1	0	0	0	-1	1	0	-1	-1	5	0	-1	-1	4	0	-1	-1	1	0	-1	-1	3	0	-1	1	1	0	-1	2	2	0	-1	3	2	0	-1	-1	2	0	0	-1	2	0	0	-1	5	0	0	-1	1	0	-1	-1	2	0	-1	-1	5	0	-1	3	4	0	0	-1	4	0	0	-1	3	0	0	-1	
2	56600	5-7-5-6
5	0	-1	-1	5	0	-1	-1	0	0	-1	-1	3	0	-1	-1	1	0	-1	-1	4	0	-1	-1	1	0	-1	-1	0	0	-1	-1	2	0	-1	-1	3	0	-1	-1	3	0	-1	-1	1	0	-1	-1	0	0	-1	-1	3	0	-1	-1	0	0	-1	-1	4	0	-1	-1	3	0	-1	-1	1	0	-1	-1	5	0	-1	-1	2	0	-1	-1	2	0	-1	-1	4	0	-1	-1	2	0	-1	-1	5	0	-1	-1	0	0	-1	-1	3	0	-1	-1	4	0	-1	-1	5	0	-1	-1	4	0	-1	-1	3	0	-1	-1	1	0	-1	-1	1	0	-1	-1	3	1	-1	-1	0	0	-1	-1	5	0	-1	-1	5	0	-1	-1	2	0	0	-1	4	0	-1	-1	4	0	0	-1	0	1	-1	-1	2	0	0	-1	0	0	-1	-1	2	0	-1	-1	1	0	-1	-1	0	0	0	-1	4	0	0	-1	3	0	0	-1	5	0	-1	-1	3	0	-1	0	3	0	-1	1	1	0	-1	-1	1	0	-1	-1	5	0	-1	-1	1	0	-1	-1	4	0	0	-1	1	0	0	-1	3	0	0	-1	0	0	-1	2	3	0	-1	-1	2	0	-1	-1	5	0	-1	0	2	0	0	-1	0	0	0	-1	0	0	0	-1	1	0	-1	-1	5	0	-1	-1	4	0	-1	-1	1	0	-1	-1	3	0	-1	1	1	0	-1	2	2	0	-1	3	2	0	-1	-1	2	0	0	-1	2	0	0	-1	5	0	0	-1	1	0	-1	-1	2	0	-1	-1	5	0	-1	3	4	0	0	-1	4	0	0	-1	3	0	0	-1	
2	59000	5-7-4-7
5	0	-1	-1	5	0	-1	-1	0	0	-1	-1	3	0	-1	-1	1	0	-1	-1	4	0	-1	-1	3	0	-1	-1	0	0	-1	-1	3	0	-1	-1	3	0	-1	-1	3	0	-1	-1	1	0	-1	-1	0	0	-1	-1	3	0	-1	-1	4	0	-1	-1	1	0	-1	-1	3	0	-1	-1	2	0	-1	-1	5	0	-1	-1	2	0	-1	-1	2	0	-1	-1	4	0	-1	-1	2	0	-1	-1	0	0	-1	-1	4	0	-1	-1	3	0	-1	-1	1	0	-1	-1	5	0	-1	-1	4	0	-1	-1	3	0	-1	-1	1	0	-1	-1	1	0	-1	-1	5	0	-1	-1	0	0	-1	-1	5	0	-1	-1	4	0	-1	-1	2	0	0	-1	4	0	-1	-1	4	0	0	-1	0	1	-1	-1	2	0	0	-1	3	1	-1	-1	0	0	-1	-1	5	0	-1	-1	5	0	0	-1	4	0	0	-1	3	0	0	-1	5	0	-1	-1	3	0	-1	0	3	0	-1	1	0	0	-1	-1	2	0	-1	-1	1	1	-1	-1	0	0	-1	-1	4	0	0	-1	1	0	0	-1	3	0	0	-1	0	0	-1	2	3	0	-1	-1	2	0	-1	-1	5	0	-1	0	2	0	0	-1	0	0	0	-1	0	0	0	-1	1	0	-1	-1	5	0	-1	-1	4	0	-1	-1	1	0	-1	-1	3	0	-1	1	1	0	-1	2	2	0	-1	3	2	0	-1	-1	2	0	0	-1	2	0	0	-1	5	0	0	-1	1	0	-1	-1	2	0	-1	-1	5	0	-1	3	4	0	0	-1	4	0	0	-1	3	0	0	-1	
2	59800	5-7-5-6
5	0	-1	-1	5	0	-1	-1	0	0	-1	-1	3	0	-1	-1	1	0	-1	-1	4	0	-1	-1	3	0	-1	-1	5	0	-1	-1	3	0	-1	-1	3	0	-1	-1	3	0	-1	-1	1	0	-1	-1	0	0	-1	-1	3	0	-1	-1	4	0	-1	-1	1	0	-1	-1	0	0	-1	-1	2	0	-1	-1	5	0	-1	-1	2	0	-1	-1	2	0	-1	-1	4	0	-1	-1	2	0	-1	-1	0	0	-1	-1	4	0	-1	-1	2	0	-1	-1	1	0	-1	-1	5	0	-1	-1	4	0	-1	-1	3	0	-1	-1	1	0	-1	-1	1	0	-1	-1	5	0	-1	-1	0	0	-1	-1	0	0	-1	-1	4	0	-1	-1	2	0	0	-1	4	0	-1	-1	4	0	0	-1	0	1	-1	-1	2	0	0	-1	3	1	-1	-1	0	0	-1	-1	3	0	-1	-1	5	0	0	-1	4	0	0	-1	3	0	0	-1	5	0	-1	-1	3	0	-1	0	3	0	-1	1	0	0	-1	-1	1	1	-1	-1	3	0	-1	-1	0	0	-1	-1	4	0	0	-1	1	0	0	-1	3	0	0	-1	0	0	-1	2	3	0	-1	-1	2	0	-1	-1	5	0	-1	0	5	0	-1	-1	0	0	0	-1	0	0	0	-1	1	0	-1	-1	5	0	-1	-1	4	0	-1	-1	1	0	-1	-1	3	0	-1	1	1	0	-1	2	5	0	-1	3	2	0	-1	-1	2	0	0	-1	2	0	0	-1	5	0	0	-1	1	0	-1	-1	2	0	-1	-1	5	0	-1	3	4	0	0	-1	4	0	0	-1	3	0	0	-1	
3	69000	-1--1--1--1
