Preamble
===============================================================================
t = gem type
bt = bonus type
i = ice layer
mp = medal portion
mu = medals uncovered
s = score
a = action
tmo = total moves
tme = total medals
r = row
c = columns
-------------------------------------------------------------------------------
tmo	tme	r	c
===============================================================================
26	3	9	9
-------------------------------------------------------------------------------

Key for state and progress information.
2 lines represent a state-action pair:
t	bt	i	mp	t	bt	i	mp	t	bt	i	mp	t	bt	i	mp	t	bt	i	mp	t	bt	i	mp	t	bt	i	mp	t	bt	i	mp	t	bt	i	mp	t	bt	i	mp	t	bt	i	mp	t	bt	i	mp	t	bt	i	mp	t	bt	i	mp	t	bt	i	mp	t	bt	i	mp	t	bt	i	mp	t	bt	i	mp	t	bt	i	mp	t	bt	i	mp	t	bt	i	mp	t	bt	i	mp	t	bt	i	mp	t	bt	i	mp	t	bt	i	mp	t	bt	i	mp	t	bt	i	mp	t	bt	i	mp	t	bt	i	mp	t	bt	i	mp	t	bt	i	mp	t	bt	i	mp	t	bt	i	mp	t	bt	i	mp	t	bt	i	mp	t	bt	i	mp	t	bt	i	mp	t	bt	i	mp	t	bt	i	mp	t	bt	i	mp	t	bt	i	mp	t	bt	i	mp	t	bt	i	mp	t	bt	i	mp	t	bt	i	mp	t	bt	i	mp	t	bt	i	mp	t	bt	i	mp	t	bt	i	mp	t	bt	i	mp	t	bt	i	mp	t	bt	i	mp	t	bt	i	mp	t	bt	i	mp	t	bt	i	mp	t	bt	i	mp	t	bt	i	mp	t	bt	i	mp	t	bt	i	mp	t	bt	i	mp	t	bt	i	mp	t	bt	i	mp	t	bt	i	mp	t	bt	i	mp	t	bt	i	mp	t	bt	i	mp	t	bt	i	mp	t	bt	i	mp	t	bt	i	mp	t	bt	i	mp	t	bt	i	mp	t	bt	i	mp	t	bt	i	mp	t	bt	i	mp	t	bt	i	mp	t	bt	i	mp	t	bt	i	mp	t	bt	i	mp	t	bt	i	mp	t	bt	i	mp	t	bt	i	mp	
===============================================================================
mu	s	a
===============================================================================

5	0	-1	-1	1	0	-1	-1	2	0	-1	-1	1	0	-1	-1	2	0	-1	-1	4	0	-1	-1	3	0	-1	-1	5	0	-1	-1	0	0	-1	-1	3	0	-1	-1	2	0	-1	-1	2	0	-1	-1	0	0	-1	-1	1	0	-1	-1	0	0	-1	-1	4	0	-1	-1	1	0	-1	-1	2	0	-1	-1	0	0	-1	-1	4	0	-1	-1	4	0	-1	-1	2	0	-1	-1	5	0	-1	-1	4	0	-1	-1	1	0	-1	-1	4	0	-1	-1	5	0	-1	-1	5	0	-1	-1	5	0	-1	-1	3	0	-1	-1	4	0	-1	-1	5	0	-1	-1	2	0	-1	-1	4	0	-1	-1	0	0	-1	-1	4	0	-1	-1	2	0	0	-1	2	0	0	-1	3	0	0	-1	1	0	0	-1	0	0	0	-1	5	0	0	-1	2	0	0	-1	1	0	0	-1	4	0	0	-1	0	0	0	-1	4	0	0	-1	5	0	0	-1	2	0	0	-1	1	0	0	-1	4	0	0	-1	3	0	0	-1	0	0	0	-1	5	0	0	-1	4	0	0	-1	2	0	0	-1	1	0	0	-1	1	0	0	-1	4	0	0	-1	2	0	0	-1	5	0	0	-1	0	0	0	-1	3	0	0	-1	4	0	0	-1	0	0	0	-1	5	0	0	-1	4	0	0	-1	1	0	0	-1	5	0	0	-1	4	0	0	-1	4	0	0	-1	5	0	0	-1	1	0	0	-1	0	0	0	-1	2	0	0	-1	2	0	0	-1	5	0	0	-1	2	0	0	-1	1	0	0	-1	2	0	0	-1	5	0	0	-1	
0	0	5-0-5-1
0	0	-1	-1	1	0	-1	-1	2	0	-1	-1	1	0	-1	-1	2	0	-1	-1	4	0	-1	-1	3	0	-1	-1	5	0	-1	-1	0	0	-1	-1	0	0	-1	-1	2	0	-1	-1	2	0	-1	-1	0	0	-1	-1	1	0	-1	-1	0	0	-1	-1	4	0	-1	-1	1	0	-1	-1	2	0	-1	-1	5	0	-1	-1	4	0	-1	-1	4	0	-1	-1	2	0	-1	-1	5	0	-1	-1	4	0	-1	-1	1	0	-1	-1	4	0	-1	-1	5	0	-1	-1	5	0	-1	-1	5	0	-1	-1	3	0	-1	-1	4	0	-1	-1	5	0	-1	-1	2	0	-1	-1	4	0	-1	-1	0	0	-1	-1	4	0	-1	-1	3	0	0	-1	2	0	0	-1	3	0	0	-1	1	0	0	-1	0	0	0	-1	5	0	0	-1	2	0	0	-1	1	0	0	-1	4	0	0	-1	0	0	-1	-1	0	0	0	-1	5	0	0	-1	2	0	0	-1	1	0	0	-1	4	0	0	-1	3	0	0	-1	0	0	0	-1	5	0	0	-1	5	0	-1	-1	2	0	0	-1	1	0	0	-1	1	0	0	-1	4	0	0	-1	2	0	0	-1	5	0	0	-1	0	0	0	-1	3	0	0	-1	2	0	-1	0	0	0	0	-1	5	0	0	-1	4	0	0	-1	1	0	0	-1	5	0	0	-1	4	0	0	-1	4	0	0	-1	5	0	0	-1	1	0	0	-1	0	0	0	-1	2	0	0	-1	2	0	0	-1	5	0	0	-1	2	0	0	-1	1	0	0	-1	2	0	0	-1	5	0	0	-1	
0	1200	6-4-6-3
0	0	-1	-1	1	0	-1	-1	2	0	-1	-1	1	0	-1	-1	5	0	-1	-1	4	0	-1	-1	3	0	-1	-1	5	0	-1	-1	0	0	-1	-1	0	0	-1	-1	2	0	-1	-1	2	0	-1	-1	0	0	-1	-1	5	0	-1	-1	0	0	-1	-1	4	0	-1	-1	1	0	-1	-1	2	0	-1	-1	5	0	-1	-1	4	0	-1	-1	4	0	-1	-1	2	0	-1	-1	0	0	-1	-1	4	0	-1	-1	1	0	-1	-1	4	0	-1	-1	5	0	-1	-1	5	0	-1	-1	5	0	-1	-1	3	0	-1	-1	4	0	-1	-1	2	0	-1	-1	2	0	-1	-1	4	0	-1	-1	0	0	-1	-1	4	0	-1	-1	3	0	0	-1	2	0	0	-1	3	0	0	-1	1	0	0	-1	1	0	0	-1	5	0	0	-1	2	0	0	-1	1	0	0	-1	4	0	0	-1	0	0	-1	-1	0	0	0	-1	5	0	0	-1	2	0	0	-1	5	0	-1	-1	4	0	0	-1	3	0	0	-1	0	0	0	-1	5	0	0	-1	5	0	-1	-1	2	0	0	-1	1	0	0	-1	4	0	0	-1	5	0	-1	-1	2	0	0	-1	5	0	0	-1	0	0	0	-1	3	0	0	-1	2	0	-1	0	0	0	0	-1	5	0	0	-1	4	0	0	-1	0	0	-1	-1	5	0	0	-1	4	0	0	-1	4	0	0	-1	5	0	0	-1	1	0	0	-1	0	0	0	-1	2	0	0	-1	2	0	0	-1	5	0	0	-1	2	0	0	-1	1	0	0	-1	2	0	0	-1	5	0	0	-1	
0	2400	2-6-3-6
0	0	-1	-1	1	0	-1	-1	2	0	-1	-1	1	0	-1	-1	5	0	-1	-1	5	0	-1	-1	2	0	-1	-1	1	0	-1	-1	0	0	-1	-1	0	0	-1	-1	2	0	-1	-1	2	0	-1	-1	0	0	-1	-1	5	0	-1	-1	4	0	-1	-1	3	0	-1	-1	5	0	-1	-1	2	0	-1	-1	5	0	-1	-1	4	0	-1	-1	4	0	-1	-1	2	0	-1	-1	0	0	-1	-1	0	0	-1	-1	4	0	-1	-1	1	0	-1	-1	5	0	-1	-1	5	0	-1	-1	5	0	-1	-1	3	0	-1	-1	4	0	-1	-1	2	0	-1	-1	2	0	-1	-1	1	0	-1	-1	0	0	-1	-1	4	0	-1	-1	3	0	0	-1	2	0	0	-1	3	0	0	-1	1	0	0	-1	1	0	0	-1	5	0	0	-1	2	0	0	-1	1	0	0	-1	4	0	0	-1	0	0	-1	-1	0	0	0	-1	5	0	0	-1	2	0	0	-1	5	0	-1	-1	4	0	0	-1	3	0	0	-1	0	0	0	-1	5	0	0	-1	5	0	-1	-1	2	0	0	-1	1	0	0	-1	4	0	0	-1	5	0	-1	-1	2	0	0	-1	5	0	0	-1	0	0	0	-1	3	0	0	-1	2	0	-1	0	0	0	0	-1	5	0	0	-1	4	0	0	-1	0	0	-1	-1	5	0	0	-1	4	0	0	-1	4	0	0	-1	5	0	0	-1	1	0	0	-1	0	0	0	-1	2	0	0	-1	2	0	0	-1	5	0	0	-1	2	0	0	-1	1	0	0	-1	2	0	0	-1	5	0	0	-1	
0	3000	2-3-3-3
0	0	-1	-1	4	0	-1	-1	0	0	-1	-1	5	0	-1	-1	0	0	-1	-1	5	0	-1	-1	2	0	-1	-1	1	0	-1	-1	0	0	-1	-1	0	0	-1	-1	1	0	-1	-1	3	0	-1	-1	0	0	-1	-1	1	0	-1	-1	2	0	-1	-1	3	0	-1	-1	5	0	-1	-1	2	0	-1	-1	5	0	-1	-1	2	0	-1	-1	0	0	-1	-1	3	0	-1	-1	3	0	-1	-1	2	0	-1	-1	4	0	-1	-1	1	0	-1	-1	5	0	-1	-1	5	0	-1	-1	5	0	-1	-1	3	0	-1	-1	1	0	-1	-1	5	0	-1	-1	4	0	-1	-1	1	0	-1	-1	0	0	-1	-1	4	0	-1	-1	3	0	0	-1	2	0	0	-1	3	0	0	-1	1	0	0	-1	1	0	0	-1	5	0	0	-1	2	0	0	-1	1	0	0	-1	4	0	0	-1	0	0	-1	-1	0	0	0	-1	5	0	0	-1	2	0	0	-1	5	0	-1	-1	4	0	0	-1	3	0	0	-1	0	0	0	-1	5	0	0	-1	5	0	-1	-1	2	0	0	-1	1	0	0	-1	4	0	0	-1	5	0	-1	-1	2	0	0	-1	5	0	0	-1	0	0	0	-1	3	0	0	-1	2	0	-1	0	0	0	0	-1	5	0	0	-1	4	0	0	-1	0	0	-1	-1	5	0	0	-1	4	0	0	-1	4	0	0	-1	5	0	0	-1	1	0	0	-1	0	0	0	-1	2	0	0	-1	2	0	0	-1	5	0	0	-1	2	0	0	-1	1	0	0	-1	2	0	0	-1	5	0	0	-1	
0	15600	2-2-3-2
0	0	-1	-1	4	0	-1	-1	2	0	-1	-1	1	0	-1	-1	3	0	-1	-1	5	0	-1	-1	2	0	-1	-1	1	0	-1	-1	0	0	-1	-1	0	0	-1	-1	1	0	-1	-1	0	0	-1	-1	5	0	-1	-1	0	0	-1	-1	2	0	-1	-1	3	0	-1	-1	5	0	-1	-1	2	0	-1	-1	5	0	-1	-1	2	0	-1	-1	3	0	-1	-1	0	0	-1	-1	1	0	-1	-1	2	0	-1	-1	4	0	-1	-1	1	0	-1	-1	5	0	-1	-1	5	0	-1	-1	5	0	-1	-1	0	0	-1	-1	1	0	-1	-1	5	0	-1	-1	4	0	-1	-1	1	0	-1	-1	0	0	-1	-1	4	0	-1	-1	3	0	0	-1	2	0	0	-1	3	0	0	-1	1	0	0	-1	1	0	0	-1	5	0	0	-1	2	0	0	-1	1	0	0	-1	4	0	0	-1	0	0	-1	-1	0	0	0	-1	5	0	0	-1	2	0	0	-1	5	0	-1	-1	4	0	0	-1	3	0	0	-1	0	0	0	-1	5	0	0	-1	5	0	-1	-1	2	0	0	-1	1	0	0	-1	4	0	0	-1	5	0	-1	-1	2	0	0	-1	5	0	0	-1	0	0	0	-1	3	0	0	-1	2	0	-1	0	0	0	0	-1	5	0	0	-1	4	0	0	-1	0	0	-1	-1	5	0	0	-1	4	0	0	-1	4	0	0	-1	5	0	0	-1	1	0	0	-1	0	0	0	-1	2	0	0	-1	2	0	0	-1	5	0	0	-1	2	0	0	-1	1	0	0	-1	2	0	0	-1	5	0	0	-1	
0	16200	4-4-4-5
0	0	-1	-1	4	0	-1	-1	2	0	-1	-1	1	0	-1	-1	0	0	-1	-1	5	0	-1	-1	2	0	-1	-1	1	0	-1	-1	0	0	-1	-1	0	0	-1	-1	1	0	-1	-1	0	0	-1	-1	5	0	-1	-1	2	0	-1	-1	2	0	-1	-1	3	0	-1	-1	5	0	-1	-1	2	0	-1	-1	5	0	-1	-1	2	0	-1	-1	3	0	-1	-1	0	0	-1	-1	1	0	-1	-1	2	0	-1	-1	4	0	-1	-1	1	0	-1	-1	5	0	-1	-1	5	0	-1	-1	5	0	-1	-1	0	0	-1	-1	1	0	-1	-1	3	0	-1	-1	4	0	-1	-1	1	0	-1	-1	0	0	-1	-1	4	0	-1	-1	3	0	0	-1	2	0	0	-1	3	0	0	-1	1	0	0	-1	0	0	-1	-1	1	0	0	-1	2	0	0	-1	1	0	0	-1	4	0	0	-1	0	0	-1	-1	0	0	0	-1	5	0	0	-1	2	0	0	-1	1	0	-1	-1	4	0	0	-1	3	0	0	-1	0	0	0	-1	5	0	0	-1	5	0	-1	-1	2	0	0	-1	1	0	0	-1	4	0	0	-1	5	1	-1	-1	2	0	0	-1	5	0	0	-1	0	0	0	-1	3	0	0	-1	2	0	-1	0	0	0	0	-1	5	0	0	-1	4	0	0	-1	0	0	-1	-1	5	0	0	-1	4	0	0	-1	4	0	0	-1	5	0	0	-1	1	0	0	-1	0	0	0	-1	2	0	0	-1	2	0	0	-1	5	0	0	-1	2	0	0	-1	1	0	0	-1	2	0	0	-1	5	0	0	-1	
0	17800	4-4-5-4
0	0	-1	-1	4	0	-1	-1	2	0	-1	-1	5	0	-1	-1	5	0	-1	-1	2	0	-1	-1	2	0	-1	-1	1	0	-1	-1	0	0	-1	-1	0	0	-1	-1	1	0	-1	-1	0	0	-1	-1	1	0	-1	-1	0	0	-1	-1	5	0	-1	-1	3	0	-1	-1	5	0	-1	-1	2	0	-1	-1	5	0	-1	-1	2	0	-1	-1	3	0	-1	-1	5	0	-1	-1	2	0	-1	-1	2	0	-1	-1	4	0	-1	-1	1	0	-1	-1	5	0	-1	-1	5	0	-1	-1	5	0	-1	-1	0	0	-1	-1	0	0	-1	-1	1	0	-1	-1	2	0	-1	-1	1	0	-1	-1	0	0	-1	-1	4	0	-1	-1	3	0	0	-1	2	0	0	-1	3	0	0	-1	1	0	-1	-1	3	0	-1	-1	4	0	-1	-1	2	0	0	-1	1	0	0	-1	4	0	0	-1	0	0	-1	-1	0	0	0	-1	5	0	0	-1	2	0	0	-1	0	0	-1	-1	4	0	0	-1	3	0	0	-1	0	0	0	-1	5	0	0	-1	5	0	-1	-1	2	0	0	-1	1	0	0	-1	4	0	0	-1	5	1	-1	-1	2	0	0	-1	5	0	0	-1	0	0	0	-1	3	0	0	-1	2	0	-1	0	0	0	0	-1	5	0	0	-1	4	0	0	-1	0	0	-1	-1	5	0	0	-1	4	0	0	-1	4	0	0	-1	5	0	0	-1	1	0	0	-1	0	0	0	-1	2	0	0	-1	2	0	0	-1	5	0	0	-1	2	0	0	-1	1	0	0	-1	2	0	0	-1	5	0	0	-1	
0	18400	0-5-1-5
0	0	-1	-1	4	0	-1	-1	2	0	-1	-1	0	0	-1	-1	4	0	-1	-1	0	0	-1	-1	2	0	-1	-1	1	0	-1	-1	0	0	-1	-1	0	0	-1	-1	1	0	-1	-1	0	0	-1	-1	1	0	-1	-1	0	0	-1	-1	0	0	-1	-1	3	0	-1	-1	5	0	-1	-1	2	0	-1	-1	5	0	-1	-1	2	0	-1	-1	3	0	-1	-1	5	0	-1	-1	2	0	-1	-1	4	0	-1	-1	4	0	-1	-1	1	0	-1	-1	5	0	-1	-1	5	0	-1	-1	5	0	-1	-1	0	0	-1	-1	0	0	-1	-1	1	0	-1	-1	2	0	-1	-1	1	0	-1	-1	0	0	-1	-1	4	0	-1	-1	3	0	0	-1	2	0	0	-1	3	0	0	-1	1	0	-1	-1	3	0	-1	-1	4	0	-1	-1	2	0	0	-1	1	0	0	-1	4	0	0	-1	0	0	-1	-1	0	0	0	-1	5	0	0	-1	2	0	0	-1	0	0	-1	-1	4	0	0	-1	3	0	0	-1	0	0	0	-1	5	0	0	-1	5	0	-1	-1	2	0	0	-1	1	0	0	-1	4	0	0	-1	5	1	-1	-1	2	0	0	-1	5	0	0	-1	0	0	0	-1	3	0	0	-1	2	0	-1	0	0	0	0	-1	5	0	0	-1	4	0	0	-1	0	0	-1	-1	5	0	0	-1	4	0	0	-1	4	0	0	-1	5	0	0	-1	1	0	0	-1	0	0	0	-1	2	0	0	-1	2	0	0	-1	5	0	0	-1	2	0	0	-1	1	0	0	-1	2	0	0	-1	5	0	0	-1	
0	21400	3-7-3-6
0	0	-1	-1	4	0	-1	-1	2	0	-1	-1	0	0	-1	-1	4	0	-1	-1	1	0	-1	-1	3	0	-1	-1	1	0	-1	-1	0	0	-1	-1	0	0	-1	-1	1	0	-1	-1	0	0	-1	-1	1	0	-1	-1	0	0	-1	-1	0	0	-1	-1	2	0	-1	-1	0	0	-1	-1	2	0	-1	-1	5	0	-1	-1	2	0	-1	-1	3	0	-1	-1	5	0	-1	-1	2	0	-1	-1	0	0	-1	-1	3	0	-1	-1	2	0	-1	-1	5	0	-1	-1	5	0	-1	-1	5	0	-1	-1	0	0	-1	-1	0	0	-1	-1	1	0	-1	-1	2	0	-1	-1	0	0	-1	-1	1	0	-1	-1	4	0	-1	-1	3	0	0	-1	2	0	0	-1	3	0	0	-1	1	0	-1	-1	3	0	-1	-1	4	0	-1	-1	2	0	0	-1	5	0	-1	0	4	0	0	-1	0	0	-1	-1	0	0	0	-1	5	0	0	-1	2	0	0	-1	0	0	-1	-1	4	0	0	-1	3	0	0	-1	0	0	0	-1	5	0	0	-1	5	0	-1	-1	2	0	0	-1	1	0	0	-1	4	0	0	-1	5	1	-1	-1	2	0	0	-1	5	0	0	-1	0	0	0	-1	3	0	0	-1	2	0	-1	0	0	0	0	-1	5	0	0	-1	4	0	0	-1	0	0	-1	-1	5	0	0	-1	4	0	0	-1	4	0	0	-1	5	0	0	-1	1	0	0	-1	0	0	0	-1	2	0	0	-1	2	0	0	-1	5	0	0	-1	2	0	0	-1	1	0	0	-1	2	0	0	-1	5	0	0	-1	
0	23800	6-8-5-8
0	0	-1	-1	4	0	-1	-1	2	0	-1	-1	0	0	-1	-1	4	0	-1	-1	1	0	-1	-1	5	0	-1	-1	3	0	-1	-1	4	0	-1	-1	0	0	-1	-1	1	0	-1	-1	0	0	-1	-1	1	0	-1	-1	0	0	-1	-1	0	0	-1	-1	3	0	-1	-1	1	0	-1	-1	5	0	-1	-1	5	0	-1	-1	2	0	-1	-1	3	0	-1	-1	5	0	-1	-1	2	0	-1	-1	0	0	-1	-1	2	0	-1	-1	0	0	-1	-1	4	0	-1	-1	5	0	-1	-1	5	0	-1	-1	0	0	-1	-1	0	0	-1	-1	1	0	-1	-1	2	0	-1	-1	3	0	-1	-1	2	0	-1	-1	0	0	-1	-1	3	0	0	-1	2	0	0	-1	3	0	0	-1	1	0	-1	-1	3	0	-1	-1	4	0	-1	-1	0	0	0	-1	1	0	-1	0	0	0	0	-1	0	0	-1	-1	0	0	0	-1	5	0	0	-1	2	0	0	-1	0	0	-1	-1	4	0	0	-1	2	0	0	-1	5	0	0	-1	2	0	0	-1	5	0	-1	-1	2	0	0	-1	1	0	0	-1	4	0	0	-1	5	1	-1	-1	2	0	0	-1	3	0	0	-1	0	0	0	-1	5	0	-1	-1	2	0	-1	0	0	0	0	-1	5	0	0	-1	4	0	0	-1	0	0	-1	-1	5	0	0	-1	5	0	-1	-1	0	0	-1	-1	4	0	-1	-1	1	0	0	-1	0	0	0	-1	2	0	0	-1	2	0	0	-1	5	0	0	-1	2	0	0	-1	1	0	0	-1	2	0	0	-1	3	0	-1	-1	
0	26200	2-8-2-7
0	0	-1	-1	4	0	-1	-1	2	0	-1	-1	0	0	-1	-1	4	0	-1	-1	1	0	-1	-1	5	0	-1	-1	3	0	-1	-1	5	0	-1	-1	0	0	-1	-1	1	0	-1	-1	0	0	-1	-1	1	0	-1	-1	0	0	-1	-1	0	0	-1	-1	3	0	-1	-1	1	0	-1	-1	5	0	-1	-1	5	0	-1	-1	2	0	-1	-1	3	0	-1	-1	5	0	-1	-1	2	0	-1	-1	0	0	-1	-1	2	0	-1	-1	4	0	-1	-1	2	0	-1	-1	5	0	-1	-1	5	0	-1	-1	0	0	-1	-1	0	0	-1	-1	1	0	-1	-1	2	0	-1	-1	3	0	-1	-1	2	0	-1	-1	4	0	-1	-1	3	0	0	-1	2	0	0	-1	3	0	0	-1	1	0	-1	-1	3	0	-1	-1	4	0	-1	-1	0	0	0	-1	1	0	-1	0	5	0	-1	1	0	0	-1	-1	0	0	0	-1	5	0	0	-1	2	0	0	-1	0	0	-1	-1	4	0	0	-1	2	0	0	-1	5	0	0	-1	2	0	0	-1	5	0	-1	-1	2	0	0	-1	1	0	0	-1	4	0	0	-1	5	1	-1	-1	2	0	0	-1	3	0	0	-1	0	0	0	-1	5	0	-1	-1	2	0	-1	0	0	0	0	-1	5	0	0	-1	4	0	0	-1	0	0	-1	-1	5	0	0	-1	5	0	-1	-1	0	0	-1	-1	4	0	-1	-1	1	0	0	-1	0	0	0	-1	2	0	0	-1	2	0	0	-1	5	0	0	-1	2	0	0	-1	1	0	0	-1	2	0	0	-1	3	0	-1	-1	
0	27400	5-8-5-7
0	0	-1	-1	4	0	-1	-1	2	0	-1	-1	0	0	-1	-1	4	0	-1	-1	1	0	-1	-1	5	0	-1	-1	2	0	-1	-1	0	0	-1	-1	0	0	-1	-1	1	0	-1	-1	0	0	-1	-1	1	0	-1	-1	0	0	-1	-1	0	0	-1	-1	5	0	-1	-1	3	0	-1	-1	3	0	-1	-1	5	0	-1	-1	2	0	-1	-1	3	0	-1	-1	5	0	-1	-1	2	0	-1	-1	0	0	-1	-1	3	0	-1	-1	1	0	-1	-1	5	0	-1	-1	5	0	-1	-1	5	0	-1	-1	0	0	-1	-1	0	0	-1	-1	1	0	-1	-1	2	0	-1	-1	2	0	-1	-1	4	0	-1	-1	4	0	-1	-1	3	0	0	-1	2	0	0	-1	3	0	0	-1	1	0	-1	-1	3	0	-1	-1	4	0	-1	-1	3	0	0	-1	2	0	-1	0	5	0	-1	1	0	0	-1	-1	0	0	0	-1	5	0	0	-1	2	0	0	-1	0	0	-1	-1	4	0	0	-1	0	0	-1	-1	1	0	-1	-1	5	0	-1	-1	5	0	-1	-1	2	0	0	-1	1	0	0	-1	4	0	0	-1	5	1	-1	-1	2	0	0	-1	3	0	0	-1	0	0	0	-1	4	0	-1	-1	2	0	-1	0	0	0	0	-1	5	0	0	-1	4	0	0	-1	0	0	-1	-1	5	0	0	-1	5	0	-1	-1	0	0	-1	-1	4	0	-1	-1	1	0	0	-1	0	0	0	-1	2	0	0	-1	2	0	0	-1	5	0	0	-1	2	0	0	-1	1	0	0	-1	2	0	0	-1	3	0	-1	-1	
1	37800	1-3-0-3
0	0	-1	-1	4	0	-1	-1	2	0	-1	-1	1	0	-1	-1	0	0	-1	-1	3	0	-1	-1	5	0	-1	-1	2	0	-1	-1	0	0	-1	-1	0	0	-1	-1	1	0	-1	-1	2	0	-1	-1	0	1	-1	-1	4	0	-1	-1	1	0	-1	-1	5	0	-1	-1	3	0	-1	-1	3	0	-1	-1	5	0	-1	-1	2	0	-1	-1	3	0	-1	-1	5	0	-1	-1	2	0	-1	-1	0	0	-1	-1	3	0	-1	-1	1	0	-1	-1	5	0	-1	-1	5	0	-1	-1	5	0	-1	-1	0	0	-1	-1	0	0	-1	-1	1	0	-1	-1	2	0	-1	-1	2	0	-1	-1	4	0	-1	-1	4	0	-1	-1	3	0	0	-1	2	0	0	-1	3	0	0	-1	1	0	-1	-1	3	0	-1	-1	4	0	-1	-1	3	0	0	-1	2	0	-1	0	5	0	-1	1	0	0	-1	-1	0	0	0	-1	5	0	0	-1	2	0	0	-1	0	0	-1	-1	4	0	0	-1	0	0	-1	-1	1	0	-1	-1	5	0	-1	-1	5	0	-1	-1	2	0	0	-1	1	0	0	-1	4	0	0	-1	5	1	-1	-1	2	0	0	-1	3	0	0	-1	0	0	0	-1	4	0	-1	-1	2	0	-1	0	0	0	0	-1	5	0	0	-1	4	0	0	-1	0	0	-1	-1	5	0	0	-1	5	0	-1	-1	0	0	-1	-1	4	0	-1	-1	1	0	0	-1	0	0	0	-1	2	0	0	-1	2	0	0	-1	5	0	0	-1	2	0	0	-1	1	0	0	-1	2	0	0	-1	3	0	-1	-1	
1	38600	3-4-2-4
0	0	-1	-1	4	0	-1	-1	2	0	-1	-1	1	0	-1	-1	3	0	-1	-1	0	0	-1	-1	1	0	-1	-1	2	0	-1	-1	0	0	-1	-1	0	0	-1	-1	1	0	-1	-1	2	0	-1	-1	0	1	-1	-1	0	0	-1	-1	3	0	-1	-1	5	0	-1	-1	3	0	-1	-1	3	0	-1	-1	5	0	-1	-1	2	0	-1	-1	3	0	-1	-1	5	0	-1	-1	4	0	-1	-1	1	0	-1	-1	5	0	-1	-1	1	0	-1	-1	5	0	-1	-1	5	0	-1	-1	5	0	-1	-1	0	0	-1	-1	0	0	-1	-1	1	0	-1	-1	0	0	-1	-1	3	0	-1	-1	4	0	-1	-1	4	0	-1	-1	3	0	0	-1	2	0	0	-1	3	0	0	-1	1	0	-1	-1	3	0	-1	-1	4	0	-1	-1	3	0	0	-1	2	0	-1	0	5	0	-1	1	0	0	-1	-1	0	0	0	-1	5	0	0	-1	2	0	0	-1	0	0	-1	-1	4	0	0	-1	0	0	-1	-1	1	0	-1	-1	5	0	-1	-1	5	0	-1	-1	2	0	0	-1	1	0	0	-1	4	0	0	-1	5	1	-1	-1	2	0	0	-1	3	0	0	-1	0	0	0	-1	4	0	-1	-1	2	0	-1	0	0	0	0	-1	5	0	0	-1	4	0	0	-1	0	0	-1	-1	5	0	0	-1	5	0	-1	-1	0	0	-1	-1	4	0	-1	-1	1	0	0	-1	0	0	0	-1	2	0	0	-1	2	0	0	-1	5	0	0	-1	2	0	0	-1	1	0	0	-1	2	0	0	-1	3	0	-1	-1	
1	39200	7-4-7-5
0	0	-1	-1	4	0	-1	-1	2	0	-1	-1	1	0	-1	-1	4	0	-1	-1	0	0	-1	-1	1	0	-1	-1	2	0	-1	-1	0	0	-1	-1	0	0	-1	-1	1	0	-1	-1	2	0	-1	-1	0	1	-1	-1	4	0	-1	-1	3	0	-1	-1	5	0	-1	-1	3	0	-1	-1	3	0	-1	-1	5	0	-1	-1	2	0	-1	-1	3	0	-1	-1	5	0	-1	-1	0	0	-1	-1	1	0	-1	-1	5	0	-1	-1	1	0	-1	-1	5	0	-1	-1	5	0	-1	-1	5	0	-1	-1	0	0	-1	-1	0	0	-1	-1	1	0	-1	-1	0	0	-1	-1	3	0	-1	-1	4	0	-1	-1	4	0	-1	-1	3	0	0	-1	2	0	0	-1	3	0	0	-1	1	0	-1	-1	1	0	-1	-1	4	0	-1	-1	3	0	0	-1	2	0	-1	0	5	0	-1	1	0	0	-1	-1	0	0	0	-1	5	0	0	-1	2	0	0	-1	2	0	-1	-1	4	0	0	-1	0	0	-1	-1	1	0	-1	-1	5	0	-1	-1	5	0	-1	-1	2	0	0	-1	1	0	0	-1	4	0	0	-1	3	0	-1	-1	2	0	0	-1	3	0	0	-1	0	0	0	-1	4	0	-1	-1	2	0	-1	0	0	0	0	-1	5	0	0	-1	4	0	0	-1	2	0	-1	-1	0	0	0	-1	5	0	-1	-1	0	0	-1	-1	4	0	-1	-1	1	0	0	-1	0	0	0	-1	2	0	0	-1	2	0	0	-1	5	0	-1	-1	2	0	0	-1	1	0	0	-1	2	0	0	-1	3	0	-1	-1	
1	50200	3-8-2-8
0	0	-1	-1	4	0	-1	-1	2	0	-1	-1	1	0	-1	-1	4	0	-1	-1	0	0	-1	-1	1	0	-1	-1	2	0	-1	-1	5	0	-1	-1	0	0	-1	-1	1	0	-1	-1	2	0	-1	-1	0	1	-1	-1	4	0	-1	-1	3	0	-1	-1	5	0	-1	-1	3	0	-1	-1	2	0	-1	-1	5	0	-1	-1	2	0	-1	-1	3	0	-1	-1	5	0	-1	-1	0	0	-1	-1	1	0	-1	-1	5	0	-1	-1	1	0	-1	-1	4	0	-1	-1	5	0	-1	-1	5	0	-1	-1	0	0	-1	-1	0	0	-1	-1	1	0	-1	-1	0	0	-1	-1	3	0	-1	-1	4	0	-1	-1	3	0	-1	-1	3	0	0	-1	2	0	0	-1	3	0	0	-1	1	0	-1	-1	1	0	-1	-1	4	0	-1	-1	3	0	0	-1	2	0	-1	0	1	0	-1	1	0	0	-1	-1	0	0	0	-1	5	0	0	-1	2	0	0	-1	2	0	-1	-1	4	0	0	-1	0	0	-1	-1	1	0	-1	-1	5	0	-1	-1	5	0	-1	-1	2	0	0	-1	1	0	0	-1	4	0	0	-1	3	0	-1	-1	2	0	0	-1	3	0	0	-1	0	0	0	-1	0	0	-1	-1	2	0	-1	0	0	0	0	-1	5	0	0	-1	4	0	0	-1	2	0	-1	-1	0	0	0	-1	5	0	-1	-1	0	0	-1	-1	3	0	-1	-1	1	0	0	-1	0	0	0	-1	2	0	0	-1	2	0	0	-1	5	0	-1	-1	2	0	0	-1	1	0	0	-1	2	0	0	-1	3	0	-1	-1	
1	53800	5-7-5-6
0	0	-1	-1	4	0	-1	-1	2	0	-1	-1	1	0	-1	-1	4	0	-1	-1	0	0	-1	-1	1	0	-1	-1	0	0	-1	-1	5	0	-1	-1	0	0	-1	-1	1	0	-1	-1	2	0	-1	-1	0	1	-1	-1	4	0	-1	-1	3	0	-1	-1	5	0	-1	-1	0	0	-1	-1	2	0	-1	-1	5	0	-1	-1	2	0	-1	-1	3	0	-1	-1	5	0	-1	-1	0	0	-1	-1	1	0	-1	-1	5	0	-1	-1	2	0	-1	-1	4	0	-1	-1	5	0	-1	-1	5	0	-1	-1	0	0	-1	-1	0	0	-1	-1	1	0	-1	-1	0	0	-1	-1	3	0	-1	-1	2	0	-1	-1	3	0	-1	-1	3	0	0	-1	2	0	0	-1	3	0	0	-1	1	0	-1	-1	1	0	-1	-1	4	0	-1	-1	3	0	0	-1	3	0	-1	0	1	0	-1	1	0	0	-1	-1	0	0	0	-1	5	0	0	-1	2	0	0	-1	2	0	-1	-1	4	0	0	-1	1	0	-1	-1	1	0	-1	-1	5	0	-1	-1	5	0	-1	-1	2	0	0	-1	1	0	0	-1	4	0	0	-1	3	0	-1	-1	2	0	0	-1	3	0	0	-1	4	0	-1	-1	0	0	-1	-1	2	0	-1	0	0	0	0	-1	5	0	0	-1	4	0	0	-1	2	0	-1	-1	0	0	0	-1	5	0	-1	-1	2	0	-1	-1	3	0	-1	-1	1	0	0	-1	0	0	0	-1	2	0	0	-1	2	0	0	-1	5	0	-1	-1	2	0	0	-1	1	0	0	-1	2	0	0	-1	3	0	-1	-1	
1	55000	4-8-3-8
0	0	-1	-1	4	0	-1	-1	2	0	-1	-1	1	0	-1	-1	4	0	-1	-1	0	0	-1	-1	4	0	-1	-1	5	0	-1	-1	5	0	-1	-1	0	0	-1	-1	1	0	-1	-1	2	0	-1	-1	0	1	-1	-1	4	0	-1	-1	3	0	-1	-1	1	0	-1	-1	0	0	-1	-1	5	0	-1	-1	5	0	-1	-1	2	0	-1	-1	3	0	-1	-1	5	0	-1	-1	0	0	-1	-1	1	0	-1	-1	5	0	-1	-1	0	0	-1	-1	2	0	-1	-1	5	0	-1	-1	5	0	-1	-1	0	0	-1	-1	0	0	-1	-1	1	0	-1	-1	0	0	-1	-1	5	0	-1	-1	2	0	-1	-1	4	0	-1	-1	3	0	0	-1	2	0	0	-1	3	0	0	-1	1	0	-1	-1	1	0	-1	-1	4	0	-1	-1	3	0	-1	-1	2	0	-1	0	1	0	-1	1	0	0	-1	-1	0	0	0	-1	5	0	0	-1	2	0	0	-1	2	0	-1	-1	4	0	0	-1	1	0	-1	-1	1	0	-1	-1	5	0	-1	-1	5	0	-1	-1	2	0	0	-1	1	0	0	-1	4	0	0	-1	3	0	-1	-1	2	0	0	-1	3	0	0	-1	4	0	-1	-1	0	0	-1	-1	2	0	-1	0	0	0	0	-1	5	0	0	-1	4	0	0	-1	2	0	-1	-1	0	0	0	-1	5	0	-1	-1	2	0	-1	-1	3	0	-1	-1	1	0	0	-1	0	0	0	-1	2	0	0	-1	2	0	0	-1	5	0	-1	-1	2	0	0	-1	1	0	0	-1	2	0	0	-1	3	0	-1	-1	
1	55600	6-4-6-5
0	0	-1	-1	4	0	-1	-1	2	0	-1	-1	1	0	-1	-1	4	0	-1	-1	0	0	-1	-1	4	0	-1	-1	5	0	-1	-1	5	0	-1	-1	0	0	-1	-1	1	0	-1	-1	2	0	-1	-1	0	1	-1	-1	1	0	-1	-1	3	0	-1	-1	1	0	-1	-1	0	0	-1	-1	5	0	-1	-1	5	0	-1	-1	2	0	-1	-1	3	0	-1	-1	5	0	-1	-1	2	0	-1	-1	1	0	-1	-1	5	0	-1	-1	0	0	-1	-1	2	0	-1	-1	5	0	-1	-1	5	0	-1	-1	0	0	-1	-1	0	0	-1	-1	4	0	-1	-1	0	0	-1	-1	5	0	-1	-1	2	0	-1	-1	4	0	-1	-1	3	0	0	-1	2	0	0	-1	3	0	0	-1	1	0	-1	-1	4	0	-1	-1	4	0	-1	-1	3	0	-1	-1	2	0	-1	0	1	0	-1	1	0	0	-1	-1	0	0	0	-1	5	0	0	-1	2	0	0	-1	0	0	-1	-1	4	0	0	-1	1	0	-1	-1	1	0	-1	-1	5	0	-1	-1	5	0	-1	-1	2	0	0	-1	1	0	0	-1	4	0	0	-1	1	0	-1	-1	3	0	0	-1	3	0	0	-1	4	0	-1	-1	0	0	-1	-1	2	0	-1	0	0	0	0	-1	5	0	0	-1	4	0	0	-1	1	0	-1	-1	0	0	0	-1	5	0	-1	-1	2	0	-1	-1	3	0	-1	-1	1	0	0	-1	0	0	0	-1	2	0	0	-1	2	0	0	-1	5	0	-1	-1	2	0	0	-1	1	0	0	-1	2	0	0	-1	3	0	-1	-1	
1	59200	8-4-8-5
0	0	-1	-1	4	0	-1	-1	5	0	-1	-1	2	0	-1	-1	3	0	-1	-1	0	0	-1	-1	4	0	-1	-1	5	0	-1	-1	5	0	-1	-1	0	0	-1	-1	1	0	-1	-1	2	0	-1	-1	1	0	-1	-1	4	0	-1	-1	3	0	-1	-1	1	0	-1	-1	0	0	-1	-1	5	0	-1	-1	5	0	-1	-1	2	0	-1	-1	2	0	-1	-1	0	1	-1	-1	1	0	-1	-1	1	0	-1	-1	5	0	-1	-1	0	0	-1	-1	2	0	-1	-1	5	0	-1	-1	5	0	-1	-1	3	0	-1	-1	5	0	-1	-1	2	0	-1	-1	0	0	-1	-1	5	0	-1	-1	2	0	-1	-1	4	0	-1	-1	3	0	0	-1	2	0	0	-1	0	0	0	-1	0	0	-1	-1	4	0	-1	-1	4	0	-1	-1	3	0	-1	-1	2	0	-1	0	1	0	-1	1	0	0	-1	-1	0	0	0	-1	3	0	0	-1	1	0	0	-1	4	0	-1	-1	4	0	0	-1	1	0	-1	-1	1	0	-1	-1	5	0	-1	-1	5	0	-1	-1	2	0	0	-1	5	0	0	-1	2	0	0	-1	0	0	-1	-1	3	0	0	-1	3	0	0	-1	4	0	-1	-1	0	0	-1	-1	2	0	-1	0	0	0	0	-1	1	0	0	-1	4	0	0	-1	1	0	-1	-1	0	0	0	-1	5	0	-1	-1	2	0	-1	-1	3	0	-1	-1	1	0	0	-1	0	0	0	-1	5	0	-1	-1	4	0	-1	-1	1	0	-1	-1	5	0	0	-1	1	0	0	-1	2	0	0	-1	3	0	-1	-1	
1	59800	2-7-2-8
0	0	-1	-1	4	0	-1	-1	5	0	-1	-1	2	0	-1	-1	3	0	-1	-1	0	0	-1	-1	4	0	-1	-1	2	0	-1	-1	5	0	-1	-1	0	0	-1	-1	1	0	-1	-1	2	0	-1	-1	1	0	-1	-1	4	0	-1	-1	3	0	-1	-1	1	0	-1	-1	1	0	-1	-1	5	0	-1	-1	5	0	-1	-1	2	0	-1	-1	2	0	-1	-1	0	1	-1	-1	1	0	-1	-1	1	0	-1	-1	5	0	-1	-1	5	0	-1	-1	0	0	-1	-1	5	0	-1	-1	5	0	-1	-1	3	0	-1	-1	5	0	-1	-1	2	0	-1	-1	0	0	-1	-1	5	0	-1	-1	5	0	-1	-1	4	0	-1	-1	3	0	0	-1	2	0	0	-1	0	0	0	-1	0	0	-1	-1	4	0	-1	-1	4	0	-1	-1	3	0	-1	-1	0	0	-1	0	1	0	-1	1	0	0	-1	-1	0	0	0	-1	3	0	0	-1	1	0	0	-1	4	0	-1	-1	4	0	0	-1	1	0	-1	-1	1	0	-1	-1	5	0	-1	-1	5	0	-1	-1	2	0	0	-1	5	0	0	-1	2	0	0	-1	0	0	-1	-1	3	0	0	-1	3	0	0	-1	4	0	-1	-1	0	0	-1	-1	2	0	-1	0	0	0	0	-1	1	0	0	-1	4	0	0	-1	1	0	-1	-1	0	0	0	-1	5	0	-1	-1	2	0	-1	-1	3	0	-1	-1	1	0	0	-1	0	0	0	-1	5	0	-1	-1	4	0	-1	-1	1	0	-1	-1	5	0	0	-1	1	0	0	-1	2	0	0	-1	3	0	-1	-1	
1	61000	1-7-1-8
0	0	-1	-1	4	0	-1	-1	5	0	-1	-1	2	0	-1	-1	3	0	-1	-1	0	0	-1	-1	4	0	-1	-1	1	0	-1	-1	5	0	-1	-1	0	0	-1	-1	1	0	-1	-1	2	0	-1	-1	1	0	-1	-1	4	0	-1	-1	3	0	-1	-1	1	0	-1	-1	5	0	-1	-1	1	0	-1	-1	5	0	-1	-1	2	0	-1	-1	2	0	-1	-1	0	1	-1	-1	1	0	-1	-1	1	0	-1	-1	5	0	-1	-1	1	0	-1	-1	0	0	-1	-1	5	0	-1	-1	5	0	-1	-1	3	0	-1	-1	5	0	-1	-1	2	0	-1	-1	0	0	-1	-1	5	0	-1	-1	2	0	-1	-1	4	0	-1	-1	3	0	0	-1	2	0	0	-1	0	0	0	-1	0	0	-1	-1	4	0	-1	-1	4	0	-1	-1	3	0	-1	-1	0	0	-1	0	1	0	-1	1	0	0	-1	-1	0	0	0	-1	3	0	0	-1	1	0	0	-1	4	0	-1	-1	4	0	0	-1	1	0	-1	-1	1	0	-1	-1	5	0	-1	-1	5	0	-1	-1	2	0	0	-1	5	0	0	-1	2	0	0	-1	0	0	-1	-1	3	0	0	-1	3	0	0	-1	4	0	-1	-1	0	0	-1	-1	2	0	-1	0	0	0	0	-1	1	0	0	-1	4	0	0	-1	1	0	-1	-1	0	0	0	-1	5	0	-1	-1	2	0	-1	-1	3	0	-1	-1	1	0	0	-1	0	0	0	-1	5	0	-1	-1	4	0	-1	-1	1	0	-1	-1	5	0	0	-1	1	0	0	-1	2	0	0	-1	3	0	-1	-1	
1	62200	6-1-5-1
3	0	-1	-1	0	0	-1	-1	0	0	-1	-1	2	0	-1	-1	3	0	-1	-1	0	0	-1	-1	4	0	-1	-1	1	0	-1	-1	5	0	-1	-1	0	0	-1	-1	3	0	-1	-1	5	0	-1	-1	1	0	-1	-1	4	0	-1	-1	3	0	-1	-1	1	0	-1	-1	5	0	-1	-1	1	0	-1	-1	0	0	-1	-1	1	0	-1	-1	2	0	-1	-1	0	1	-1	-1	1	0	-1	-1	1	0	-1	-1	5	0	-1	-1	1	0	-1	-1	0	0	-1	-1	5	0	-1	-1	5	0	-1	-1	2	0	-1	-1	5	0	-1	-1	2	0	-1	-1	0	0	-1	-1	5	0	-1	-1	2	0	-1	-1	4	0	-1	-1	5	0	0	-1	1	0	0	-1	3	0	0	-1	0	0	-1	-1	4	0	-1	-1	4	0	-1	-1	3	0	-1	-1	0	0	-1	0	1	0	-1	1	3	0	-1	-1	4	0	0	-1	0	0	0	-1	1	0	0	-1	4	0	-1	-1	4	0	0	-1	1	0	-1	-1	1	0	-1	-1	5	0	-1	-1	0	0	-1	-1	3	0	-1	-1	3	0	-1	2	2	0	0	-1	0	0	-1	-1	3	0	0	-1	3	0	0	-1	4	0	-1	-1	0	0	-1	-1	2	0	-1	0	4	0	-1	1	1	0	0	-1	4	0	0	-1	1	0	-1	-1	0	0	0	-1	5	0	-1	-1	2	0	-1	-1	3	0	-1	-1	1	0	0	-1	1	0	-1	3	5	0	-1	-1	4	0	-1	-1	1	0	-1	-1	5	0	0	-1	1	0	0	-1	2	0	0	-1	3	0	-1	-1	
1	78400	5-8-4-8
3	0	-1	-1	0	0	-1	-1	0	0	-1	-1	2	0	-1	-1	3	0	-1	-1	5	0	-1	-1	1	0	-1	-1	1	0	-1	-1	2	0	-1	-1	0	0	-1	-1	3	0	-1	-1	5	0	-1	-1	1	0	-1	-1	3	0	-1	-1	3	0	-1	-1	0	0	-1	-1	1	0	-1	-1	5	0	-1	-1	0	0	-1	-1	1	0	-1	-1	2	0	-1	-1	0	1	-1	-1	4	0	-1	-1	3	0	-1	-1	4	0	-1	-1	5	0	-1	-1	1	0	-1	-1	5	0	-1	-1	5	0	-1	-1	2	0	-1	-1	5	0	-1	-1	2	0	-1	-1	0	0	-1	-1	5	0	-1	-1	1	0	-1	-1	0	0	-1	-1	5	0	0	-1	1	0	0	-1	3	0	0	-1	0	0	-1	-1	4	0	-1	-1	4	0	-1	-1	5	0	-1	-1	2	0	-1	0	4	0	-1	1	3	0	-1	-1	4	0	0	-1	0	0	0	-1	1	0	0	-1	4	0	-1	-1	4	0	0	-1	3	0	-1	-1	0	0	-1	-1	5	0	-1	-1	0	0	-1	-1	3	0	-1	-1	3	0	-1	2	2	0	0	-1	0	0	-1	-1	3	0	0	-1	3	0	0	-1	4	0	-1	-1	0	0	-1	-1	2	0	-1	0	4	0	-1	1	1	0	0	-1	4	0	0	-1	1	0	-1	-1	0	0	0	-1	5	0	-1	-1	2	0	-1	-1	3	0	-1	-1	1	0	0	-1	1	0	-1	3	5	0	-1	-1	4	0	-1	-1	1	0	-1	-1	5	0	0	-1	1	0	0	-1	2	0	0	-1	3	0	-1	-1	
1	82600	0-0-0-1
2	0	-1	-1	3	0	-1	-1	0	0	-1	-1	2	0	-1	-1	3	0	-1	-1	5	0	-1	-1	1	0	-1	-1	1	0	-1	-1	2	0	-1	-1	4	0	-1	-1	3	0	-1	-1	5	0	-1	-1	1	0	-1	-1	3	0	-1	-1	3	0	-1	-1	0	0	-1	-1	1	0	-1	-1	5	0	-1	-1	1	0	-1	-1	1	0	-1	-1	2	0	-1	-1	0	1	-1	-1	4	0	-1	-1	3	0	-1	-1	4	0	-1	-1	5	0	-1	-1	1	0	-1	-1	5	0	-1	-1	5	0	-1	-1	2	0	-1	-1	5	0	-1	-1	2	0	-1	-1	0	0	-1	-1	5	0	-1	-1	1	0	-1	-1	0	0	-1	-1	5	0	0	-1	1	0	0	-1	3	0	0	-1	0	0	-1	-1	4	0	-1	-1	4	0	-1	-1	5	0	-1	-1	2	0	-1	0	4	0	-1	1	3	0	-1	-1	4	0	0	-1	0	0	0	-1	1	0	0	-1	4	0	-1	-1	4	0	0	-1	3	0	-1	-1	0	0	-1	-1	5	0	-1	-1	0	0	-1	-1	3	0	-1	-1	3	0	-1	2	2	0	0	-1	0	0	-1	-1	3	0	0	-1	3	0	0	-1	4	0	-1	-1	0	0	-1	-1	2	0	-1	0	4	0	-1	1	1	0	0	-1	4	0	0	-1	1	0	-1	-1	0	0	0	-1	5	0	-1	-1	2	0	-1	-1	3	0	-1	-1	1	0	0	-1	1	0	-1	3	5	0	-1	-1	4	0	-1	-1	1	0	-1	-1	5	0	0	-1	1	0	0	-1	2	0	0	-1	3	0	-1	-1	
1	83800	2-7-2-8
2	0	-1	-1	3	0	-1	-1	0	0	-1	-1	2	0	-1	-1	3	0	-1	-1	5	0	-1	-1	1	0	-1	-1	2	0	-1	-1	2	0	-1	-1	4	0	-1	-1	3	0	-1	-1	5	0	-1	-1	1	0	-1	-1	3	0	-1	-1	3	0	-1	-1	0	0	-1	-1	5	0	-1	-1	5	0	-1	-1	1	0	-1	-1	1	0	-1	-1	2	0	-1	-1	0	1	-1	-1	4	0	-1	-1	3	0	-1	-1	4	0	-1	-1	3	0	-1	-1	5	0	-1	-1	5	0	-1	-1	5	0	-1	-1	2	0	-1	-1	5	0	-1	-1	2	0	-1	-1	0	0	-1	-1	5	0	-1	-1	1	1	-1	-1	0	0	-1	-1	5	0	0	-1	1	0	0	-1	3	0	0	-1	0	0	-1	-1	4	0	-1	-1	4	0	-1	-1	5	0	-1	-1	2	0	-1	0	4	0	-1	1	3	0	-1	-1	4	0	0	-1	0	0	0	-1	1	0	0	-1	4	0	-1	-1	4	0	0	-1	3	0	-1	-1	0	0	-1	-1	5	0	-1	-1	0	0	-1	-1	3	0	-1	-1	3	0	-1	2	2	0	0	-1	0	0	-1	-1	3	0	0	-1	3	0	0	-1	4	0	-1	-1	0	0	-1	-1	2	0	-1	0	4	0	-1	1	1	0	0	-1	4	0	0	-1	1	0	-1	-1	0	0	0	-1	5	0	-1	-1	2	0	-1	-1	3	0	-1	-1	1	0	0	-1	1	0	-1	3	5	0	-1	-1	4	0	-1	-1	1	0	-1	-1	5	0	0	-1	1	0	0	-1	2	0	0	-1	3	0	-1	-1	
1	85400	-1--1--1--1
