Preamble
===============================================================================
t = gem type
bt = bonus type
i = ice layer
mp = medal portion
mu = medals uncovered
s = score
a = action
tmo = total moves
tme = total medals
r = row
c = columns
-------------------------------------------------------------------------------
tmo	tme	r	c
===============================================================================
20	3	9	9
-------------------------------------------------------------------------------

Key for state and progress information.
2 lines represent a state-action pair:
t	bt	i	mp	t	bt	i	mp	t	bt	i	mp	t	bt	i	mp	t	bt	i	mp	t	bt	i	mp	t	bt	i	mp	t	bt	i	mp	t	bt	i	mp	t	bt	i	mp	t	bt	i	mp	t	bt	i	mp	t	bt	i	mp	t	bt	i	mp	t	bt	i	mp	t	bt	i	mp	t	bt	i	mp	t	bt	i	mp	t	bt	i	mp	t	bt	i	mp	t	bt	i	mp	t	bt	i	mp	t	bt	i	mp	t	bt	i	mp	t	bt	i	mp	t	bt	i	mp	t	bt	i	mp	t	bt	i	mp	t	bt	i	mp	t	bt	i	mp	t	bt	i	mp	t	bt	i	mp	t	bt	i	mp	t	bt	i	mp	t	bt	i	mp	t	bt	i	mp	t	bt	i	mp	t	bt	i	mp	t	bt	i	mp	t	bt	i	mp	t	bt	i	mp	t	bt	i	mp	t	bt	i	mp	t	bt	i	mp	t	bt	i	mp	t	bt	i	mp	t	bt	i	mp	t	bt	i	mp	t	bt	i	mp	t	bt	i	mp	t	bt	i	mp	t	bt	i	mp	t	bt	i	mp	t	bt	i	mp	t	bt	i	mp	t	bt	i	mp	t	bt	i	mp	t	bt	i	mp	t	bt	i	mp	t	bt	i	mp	t	bt	i	mp	t	bt	i	mp	t	bt	i	mp	t	bt	i	mp	t	bt	i	mp	t	bt	i	mp	t	bt	i	mp	t	bt	i	mp	t	bt	i	mp	t	bt	i	mp	t	bt	i	mp	t	bt	i	mp	t	bt	i	mp	t	bt	i	mp	t	bt	i	mp	t	bt	i	mp	t	bt	i	mp	t	bt	i	mp	t	bt	i	mp	t	bt	i	mp	t	bt	i	mp	
===============================================================================
mu	s	a
===============================================================================

3	0	-1	-1	0	0	-1	-1	0	0	-1	-1	4	0	-1	-1	5	0	-1	-1	0	0	-1	-1	0	0	-1	-1	2	0	-1	-1	3	0	-1	-1	2	0	-1	-1	5	0	-1	-1	4	0	-1	-1	4	0	-1	-1	5	0	-1	-1	3	0	-1	-1	4	0	-1	-1	3	0	-1	-1	0	0	-1	-1	1	0	-1	-1	3	0	-1	-1	0	0	-1	-1	1	0	-1	-1	0	0	-1	-1	5	0	-1	-1	3	0	-1	-1	5	0	-1	-1	3	0	-1	-1	3	0	-1	-1	5	0	-1	-1	2	0	-1	-1	5	0	-1	-1	3	0	-1	-1	1	0	-1	-1	0	0	-1	-1	5	0	-1	-1	2	0	-1	-1	2	0	0	-1	2	0	0	-1	3	0	0	-1	1	0	0	-1	2	0	0	-1	0	0	0	-1	2	0	0	-1	1	0	0	-1	5	0	0	-1	3	0	0	-1	0	0	0	-1	5	0	0	-1	4	0	0	-1	0	0	0	-1	0	0	0	-1	5	0	0	-1	5	0	0	-1	0	0	0	-1	0	0	0	-1	4	0	0	-1	5	0	0	-1	1	0	0	-1	4	0	0	-1	3	0	0	-1	4	0	0	-1	2	0	0	-1	2	0	0	-1	4	0	0	-1	0	0	0	-1	2	0	0	-1	1	0	0	-1	3	0	0	-1	2	0	0	-1	1	0	0	-1	5	0	0	-1	1	0	0	-1	5	0	0	-1	5	0	0	-1	0	0	0	-1	2	0	0	-1	3	0	0	-1	5	0	0	-1	4	0	0	-1	0	0	0	-1	3	0	0	-1	
0	0	4-3-5-3
3	0	-1	-1	2	0	-1	-1	5	0	-1	-1	1	0	-1	-1	5	0	-1	-1	0	0	-1	-1	0	0	-1	-1	2	0	-1	-1	3	0	-1	-1	2	0	-1	-1	5	0	-1	-1	4	0	-1	-1	2	0	-1	-1	5	0	-1	-1	3	0	-1	-1	4	0	-1	-1	3	0	-1	-1	0	0	-1	-1	1	0	-1	-1	3	0	-1	-1	0	0	-1	-1	5	0	-1	-1	0	0	-1	-1	5	0	-1	-1	3	0	-1	-1	5	0	-1	-1	3	0	-1	-1	3	0	-1	-1	5	0	-1	-1	2	0	-1	-1	4	0	-1	-1	3	0	-1	-1	1	0	-1	-1	0	0	-1	-1	5	0	-1	-1	2	0	-1	-1	2	0	0	-1	2	0	0	-1	3	0	0	-1	4	0	0	-1	2	0	0	-1	0	0	0	-1	2	0	0	-1	1	0	0	-1	5	0	0	-1	3	0	0	-1	0	0	0	-1	5	0	0	-1	1	0	-1	3	0	0	0	-1	0	0	0	-1	5	0	0	-1	5	0	0	-1	0	0	0	-1	0	0	0	-1	4	0	0	-1	5	0	0	-1	5	0	-1	-1	4	0	0	-1	3	0	0	-1	4	0	0	-1	2	0	0	-1	2	0	0	-1	4	0	0	-1	0	0	0	-1	2	0	0	-1	4	0	-1	0	3	0	0	-1	2	0	0	-1	1	0	0	-1	5	0	0	-1	1	0	0	-1	5	0	0	-1	5	0	0	-1	0	0	0	-1	2	0	0	-1	3	0	0	-1	5	0	0	-1	4	0	0	-1	0	0	0	-1	3	0	0	-1	
0	2400	4-2-3-2
3	0	-1	-1	2	0	-1	-1	3	0	-1	-1	1	0	-1	-1	5	0	-1	-1	0	0	-1	-1	0	0	-1	-1	2	0	-1	-1	3	0	-1	-1	3	0	-1	-1	2	0	-1	-1	5	0	-1	-1	2	0	-1	-1	5	0	-1	-1	3	0	-1	-1	4	0	-1	-1	3	0	-1	-1	0	0	-1	-1	2	0	-1	-1	5	0	-1	-1	4	0	-1	-1	5	0	-1	-1	0	0	-1	-1	5	0	-1	-1	3	0	-1	-1	5	0	-1	-1	3	0	-1	-1	1	0	-1	-1	3	0	-1	-1	0	0	-1	-1	4	0	-1	-1	3	0	-1	-1	1	0	-1	-1	0	0	-1	-1	5	0	-1	-1	2	0	-1	-1	3	0	-1	-1	5	0	-1	-1	3	0	-1	0	4	0	0	-1	2	0	0	-1	0	0	0	-1	2	0	0	-1	1	0	0	-1	5	0	0	-1	3	0	0	-1	0	0	0	-1	5	0	0	-1	1	0	-1	3	0	0	0	-1	0	0	0	-1	5	0	0	-1	5	0	0	-1	0	0	0	-1	0	0	0	-1	4	0	0	-1	5	0	0	-1	5	0	-1	-1	4	0	0	-1	3	0	0	-1	4	0	0	-1	2	0	0	-1	2	0	0	-1	4	0	0	-1	0	0	0	-1	2	0	0	-1	4	0	-1	0	3	0	0	-1	2	0	0	-1	1	0	0	-1	5	0	0	-1	1	0	0	-1	5	0	0	-1	5	0	0	-1	0	0	0	-1	2	0	0	-1	3	0	0	-1	5	0	0	-1	4	0	0	-1	0	0	0	-1	3	0	0	-1	
0	3000	4-1-4-2
3	0	-1	-1	1	0	-1	-1	1	0	-1	-1	5	0	-1	-1	5	0	-1	-1	0	0	-1	-1	0	0	-1	-1	2	0	-1	-1	3	0	-1	-1	3	0	-1	-1	2	0	-1	-1	1	0	-1	-1	1	0	-1	-1	5	0	-1	-1	3	0	-1	-1	4	0	-1	-1	3	0	-1	-1	0	0	-1	-1	2	0	-1	-1	2	0	-1	-1	0	0	-1	-1	2	0	-1	-1	0	0	-1	-1	5	0	-1	-1	3	0	-1	-1	5	0	-1	-1	3	0	-1	-1	1	0	-1	-1	3	0	-1	-1	3	0	-1	-1	4	0	-1	-1	3	0	-1	-1	1	0	-1	-1	0	0	-1	-1	5	0	-1	-1	2	0	-1	-1	3	0	-1	-1	3	0	-1	-1	5	0	-1	0	4	0	0	-1	2	0	0	-1	0	0	0	-1	2	0	0	-1	1	0	0	-1	5	0	0	-1	3	0	0	-1	0	0	0	-1	4	0	-1	2	1	0	-1	3	0	0	0	-1	0	0	0	-1	5	0	0	-1	5	0	0	-1	0	0	0	-1	0	0	0	-1	4	0	0	-1	0	0	-1	-1	5	0	-1	-1	4	0	0	-1	3	0	0	-1	4	0	0	-1	2	0	0	-1	2	0	0	-1	4	0	0	-1	0	0	0	-1	2	0	0	-1	4	0	-1	0	3	0	0	-1	2	0	0	-1	1	0	0	-1	5	0	0	-1	1	0	0	-1	5	0	0	-1	5	0	0	-1	0	0	0	-1	2	0	0	-1	3	0	0	-1	5	0	0	-1	4	0	0	-1	0	0	0	-1	3	0	0	-1	
0	5400	5-2-5-3
3	0	-1	-1	1	0	-1	-1	1	0	-1	-1	2	0	-1	-1	5	0	-1	-1	0	0	-1	-1	0	0	-1	-1	2	0	-1	-1	3	0	-1	-1	3	0	-1	-1	2	0	-1	-1	1	0	-1	-1	1	0	-1	-1	5	0	-1	-1	3	0	-1	-1	4	0	-1	-1	3	0	-1	-1	0	0	-1	-1	2	0	-1	-1	2	0	-1	-1	0	0	-1	-1	2	0	-1	-1	0	0	-1	-1	5	0	-1	-1	3	0	-1	-1	5	0	-1	-1	3	0	-1	-1	1	0	-1	-1	3	0	-1	-1	3	0	-1	-1	5	0	-1	-1	3	0	-1	-1	1	0	-1	-1	0	0	-1	-1	5	0	-1	-1	2	0	-1	-1	3	0	-1	-1	3	0	-1	-1	5	0	-1	0	1	0	-1	-1	2	0	0	-1	0	0	0	-1	2	0	0	-1	1	0	0	-1	5	0	0	-1	3	0	0	-1	0	0	0	-1	1	0	-1	2	2	0	-1	3	0	0	0	-1	0	0	0	-1	5	0	0	-1	5	0	0	-1	0	0	0	-1	0	0	0	-1	4	0	0	-1	0	0	-1	-1	5	0	-1	-1	4	0	0	-1	3	0	0	-1	4	0	0	-1	2	0	0	-1	2	0	0	-1	4	0	0	-1	0	0	0	-1	2	0	0	-1	4	0	-1	0	3	0	0	-1	2	0	0	-1	1	0	0	-1	5	0	0	-1	1	0	0	-1	5	0	0	-1	5	0	0	-1	0	0	0	-1	2	0	0	-1	3	0	0	-1	5	0	0	-1	4	0	0	-1	0	0	0	-1	3	0	0	-1	
1	14600	6-5-6-4
3	0	-1	-1	1	0	-1	-1	1	0	-1	-1	2	0	-1	-1	4	0	-1	-1	0	0	-1	-1	0	0	-1	-1	2	0	-1	-1	3	0	-1	-1	3	0	-1	-1	2	0	-1	-1	1	0	-1	-1	1	0	-1	-1	5	0	-1	-1	3	0	-1	-1	4	0	-1	-1	3	0	-1	-1	0	0	-1	-1	2	0	-1	-1	2	0	-1	-1	0	0	-1	-1	2	0	-1	-1	2	0	-1	-1	5	0	-1	-1	3	0	-1	-1	5	0	-1	-1	3	0	-1	-1	1	0	-1	-1	3	0	-1	-1	3	0	-1	-1	5	0	-1	-1	5	0	-1	-1	1	0	-1	-1	0	0	-1	-1	5	0	-1	-1	2	0	-1	-1	3	0	-1	-1	3	0	-1	-1	5	0	-1	0	1	0	-1	-1	5	0	0	-1	0	0	0	-1	2	0	0	-1	1	0	0	-1	5	0	0	-1	3	0	0	-1	0	0	0	-1	1	0	-1	2	2	0	-1	3	0	0	0	-1	0	0	0	-1	5	0	0	-1	5	0	0	-1	0	0	0	-1	0	0	0	-1	4	0	0	-1	0	0	-1	-1	5	0	-1	-1	3	0	-1	-1	4	0	0	-1	4	0	0	-1	2	0	0	-1	2	0	0	-1	4	0	0	-1	0	0	0	-1	2	0	0	-1	4	0	-1	0	2	0	-1	1	2	0	0	-1	1	0	0	-1	5	0	0	-1	1	0	0	-1	5	0	0	-1	5	0	0	-1	0	0	0	-1	2	0	0	-1	0	0	-1	3	5	0	0	-1	4	0	0	-1	0	0	0	-1	3	0	0	-1	
1	15800	7-1-7-2
3	0	-1	-1	1	0	-1	-1	5	0	-1	-1	2	0	-1	-1	4	0	-1	-1	0	0	-1	-1	0	0	-1	-1	2	0	-1	-1	3	0	-1	-1	3	0	-1	-1	2	0	-1	-1	0	0	-1	-1	1	0	-1	-1	5	0	-1	-1	3	0	-1	-1	4	0	-1	-1	3	0	-1	-1	0	0	-1	-1	2	0	-1	-1	2	0	-1	-1	0	0	-1	-1	2	0	-1	-1	2	0	-1	-1	5	0	-1	-1	3	0	-1	-1	5	0	-1	-1	3	0	-1	-1	1	0	-1	-1	3	0	-1	-1	1	0	-1	-1	5	0	-1	-1	5	0	-1	-1	1	0	-1	-1	0	0	-1	-1	5	0	-1	-1	2	0	-1	-1	3	0	-1	-1	3	0	-1	-1	1	0	-1	0	1	0	-1	-1	5	0	0	-1	0	0	0	-1	2	0	0	-1	1	0	0	-1	5	0	0	-1	3	0	0	-1	0	0	0	-1	0	0	-1	2	2	0	-1	3	0	0	0	-1	0	0	0	-1	5	0	0	-1	5	0	0	-1	0	0	0	-1	0	0	0	-1	4	0	0	-1	3	0	-1	-1	5	0	-1	-1	3	0	-1	-1	4	0	0	-1	4	0	0	-1	2	0	0	-1	2	0	0	-1	4	0	0	-1	2	0	0	-1	5	0	-1	-1	4	0	-1	0	2	0	-1	1	2	0	0	-1	1	0	0	-1	5	0	0	-1	1	0	0	-1	5	0	0	-1	5	0	0	-1	1	0	-1	-1	2	0	0	-1	0	0	-1	3	5	0	0	-1	4	0	0	-1	0	0	0	-1	3	0	0	-1	
1	17000	3-5-3-6
3	0	-1	-1	1	0	-1	-1	5	0	-1	-1	2	0	-1	-1	4	0	-1	-1	2	0	-1	-1	0	0	-1	-1	3	0	-1	-1	3	0	-1	-1	3	0	-1	-1	2	0	-1	-1	0	0	-1	-1	1	0	-1	-1	5	0	-1	-1	0	0	-1	-1	0	0	-1	-1	2	0	-1	-1	0	0	-1	-1	2	0	-1	-1	2	0	-1	-1	0	0	-1	-1	2	0	-1	-1	2	0	-1	-1	5	0	-1	-1	4	0	-1	-1	3	0	-1	-1	3	0	-1	-1	1	0	-1	-1	3	0	-1	-1	1	0	-1	-1	5	0	-1	-1	5	0	-1	-1	4	0	-1	-1	3	0	-1	-1	5	0	-1	-1	2	0	-1	-1	3	0	-1	-1	3	0	-1	-1	1	0	-1	0	1	0	-1	-1	5	0	0	-1	0	0	-1	-1	1	0	0	-1	5	0	0	-1	5	0	0	-1	3	0	0	-1	0	0	0	-1	0	0	-1	2	2	0	-1	3	0	0	0	-1	3	0	-1	-1	2	0	-1	-1	1	0	-1	-1	0	0	0	-1	0	0	0	-1	4	0	0	-1	3	0	-1	-1	5	0	-1	-1	3	0	-1	-1	4	0	0	-1	4	0	0	-1	2	0	0	-1	2	0	0	-1	4	0	0	-1	2	0	0	-1	5	0	-1	-1	4	0	-1	0	2	0	-1	1	2	0	0	-1	1	0	0	-1	5	0	0	-1	1	0	0	-1	5	0	0	-1	5	0	0	-1	1	0	-1	-1	2	0	0	-1	0	0	-1	3	5	0	0	-1	4	0	0	-1	0	0	0	-1	3	0	0	-1	
1	19400	5-6-6-6
3	0	-1	-1	1	0	-1	-1	5	0	-1	-1	2	0	-1	-1	4	0	-1	-1	2	0	-1	-1	1	0	-1	-1	5	0	-1	-1	3	0	-1	-1	3	0	-1	-1	2	0	-1	-1	0	0	-1	-1	1	0	-1	-1	5	0	-1	-1	0	0	-1	-1	0	0	-1	-1	3	0	-1	-1	3	0	-1	-1	2	0	-1	-1	2	0	-1	-1	0	0	-1	-1	2	0	-1	-1	2	0	-1	-1	5	0	-1	-1	0	0	-1	-1	2	0	-1	-1	0	0	-1	-1	1	0	-1	-1	3	0	-1	-1	1	0	-1	-1	5	0	-1	-1	5	0	-1	-1	4	0	-1	-1	4	0	-1	-1	3	0	-1	-1	3	0	-1	-1	3	0	-1	-1	3	0	-1	-1	1	0	-1	0	1	0	-1	-1	5	0	0	-1	0	0	-1	-1	3	0	0	-1	5	0	0	-1	2	0	0	-1	3	0	0	-1	0	0	0	-1	0	0	-1	2	2	0	-1	3	0	0	0	-1	3	0	-1	-1	1	0	-1	-1	5	0	-1	-1	5	0	0	-1	0	0	0	-1	4	0	0	-1	3	0	-1	-1	5	0	-1	-1	3	0	-1	-1	4	0	0	-1	4	0	-1	-1	1	0	-1	-1	0	0	-1	-1	4	0	0	-1	2	0	0	-1	5	0	-1	-1	4	0	-1	0	2	0	-1	1	2	0	0	-1	1	0	0	-1	5	0	0	-1	1	0	0	-1	5	0	0	-1	5	0	0	-1	1	0	-1	-1	2	0	0	-1	0	0	-1	3	5	0	0	-1	4	0	0	-1	0	0	0	-1	3	0	0	-1	
1	20000	5-0-6-0
2	0	-1	-1	3	0	-1	-1	4	0	-1	-1	2	0	-1	-1	4	0	-1	-1	2	0	-1	-1	1	0	-1	-1	5	0	-1	-1	3	0	-1	-1	3	0	-1	-1	1	0	-1	-1	5	0	-1	-1	1	0	-1	-1	5	0	-1	-1	0	0	-1	-1	0	0	-1	-1	3	0	-1	-1	3	0	-1	-1	3	0	-1	-1	2	0	-1	-1	0	0	-1	-1	2	0	-1	-1	2	0	-1	-1	5	0	-1	-1	0	0	-1	-1	2	0	-1	-1	0	0	-1	-1	2	0	-1	-1	2	0	-1	-1	0	0	-1	-1	5	0	-1	-1	5	0	-1	-1	4	0	-1	-1	4	0	-1	-1	3	0	-1	-1	3	0	-1	-1	1	0	-1	-1	3	0	-1	-1	1	0	-1	0	1	0	-1	-1	5	0	0	-1	0	0	-1	-1	3	0	0	-1	5	0	0	-1	2	0	0	-1	3	0	-1	-1	3	0	-1	-1	1	0	-1	2	2	0	-1	3	0	0	0	-1	3	0	-1	-1	1	0	-1	-1	5	0	-1	-1	5	0	0	-1	3	0	0	-1	4	0	0	-1	3	0	-1	-1	5	0	-1	-1	3	0	-1	-1	4	0	0	-1	4	0	-1	-1	1	0	-1	-1	0	0	-1	-1	4	0	0	-1	2	0	0	-1	5	0	-1	-1	4	0	-1	0	2	0	-1	1	2	0	0	-1	1	0	0	-1	5	0	0	-1	1	0	0	-1	5	0	0	-1	5	0	0	-1	1	0	-1	-1	2	0	0	-1	0	0	-1	3	5	0	0	-1	4	0	0	-1	0	0	0	-1	3	0	0	-1	
1	20600	6-1-6-0
2	0	-1	-1	4	0	-1	-1	0	0	-1	-1	1	0	-1	-1	4	0	-1	-1	2	0	-1	-1	1	0	-1	-1	5	0	-1	-1	3	0	-1	-1	3	0	-1	-1	5	0	-1	-1	4	0	-1	-1	2	0	-1	-1	5	0	-1	-1	0	0	-1	-1	0	0	-1	-1	3	0	-1	-1	3	0	-1	-1	3	0	-1	-1	4	0	-1	-1	5	0	-1	-1	1	0	-1	-1	2	0	-1	-1	5	0	-1	-1	0	0	-1	-1	2	0	-1	-1	0	0	-1	-1	2	0	-1	-1	1	0	-1	-1	0	0	-1	-1	2	0	-1	-1	5	0	-1	-1	4	0	-1	-1	4	0	-1	-1	3	0	-1	-1	3	0	-1	-1	1	1	-1	-1	0	0	-1	-1	0	0	-1	0	5	0	-1	-1	5	0	0	-1	0	0	-1	-1	3	0	0	-1	5	0	0	-1	2	0	0	-1	3	0	-1	-1	2	0	-1	-1	1	0	-1	2	2	0	-1	3	0	0	0	-1	3	0	-1	-1	1	0	-1	-1	5	0	-1	-1	5	0	0	-1	4	0	0	-1	2	0	-1	1	3	0	-1	-1	5	0	-1	-1	3	0	-1	-1	4	0	0	-1	4	0	-1	-1	1	0	-1	-1	0	0	-1	-1	4	0	0	-1	3	0	-1	3	5	0	-1	-1	4	0	-1	0	2	0	-1	1	2	0	0	-1	1	0	0	-1	5	0	0	-1	1	0	0	-1	5	0	0	-1	5	0	0	-1	1	0	-1	-1	2	0	0	-1	0	0	-1	3	5	0	0	-1	4	0	0	-1	0	0	0	-1	3	0	0	-1	
1	28800	7-3-8-3
2	0	-1	-1	4	0	-1	-1	0	0	-1	-1	0	0	-1	-1	2	0	-1	-1	5	0	-1	-1	1	0	-1	-1	5	0	-1	-1	3	0	-1	-1	3	0	-1	-1	5	0	-1	-1	4	0	-1	-1	1	0	-1	-1	4	0	-1	-1	2	0	-1	-1	0	0	-1	-1	3	0	-1	-1	3	0	-1	-1	3	0	-1	-1	4	0	-1	-1	5	0	-1	-1	2	0	-1	-1	5	0	-1	-1	0	0	-1	-1	0	0	-1	-1	2	0	-1	-1	0	0	-1	-1	2	0	-1	-1	1	0	-1	-1	0	0	-1	-1	1	0	-1	-1	2	0	-1	-1	5	0	-1	-1	4	0	-1	-1	3	0	-1	-1	3	0	-1	-1	1	1	-1	-1	0	0	-1	-1	0	0	-1	0	2	0	-1	-1	5	0	0	-1	4	0	-1	-1	3	0	0	-1	5	0	0	-1	2	0	0	-1	3	0	-1	-1	2	0	-1	-1	1	0	-1	2	5	0	-1	3	5	0	0	-1	0	0	-1	-1	1	0	-1	-1	5	0	-1	-1	5	0	0	-1	4	0	0	-1	2	0	-1	1	3	0	-1	-1	2	0	-1	-1	0	0	-1	-1	3	0	0	-1	4	0	-1	-1	1	0	-1	-1	0	0	-1	-1	4	0	0	-1	3	0	-1	3	5	0	-1	-1	5	0	-1	0	3	0	-1	1	4	0	-1	-1	1	0	0	-1	5	0	0	-1	1	0	0	-1	5	0	0	-1	5	0	0	-1	1	0	-1	-1	4	0	0	-1	0	0	-1	3	5	0	0	-1	4	0	0	-1	0	0	0	-1	3	0	0	-1	
1	29400	7-2-8-2
1	0	-1	-1	3	0	-1	-1	2	0	-1	-1	0	0	-1	-1	2	0	-1	-1	5	0	-1	-1	1	0	-1	-1	5	0	-1	-1	3	0	-1	-1	2	0	-1	-1	4	0	-1	-1	0	0	-1	-1	1	0	-1	-1	4	0	-1	-1	2	0	-1	-1	0	0	-1	-1	3	0	-1	-1	3	0	-1	-1	3	0	-1	-1	5	0	-1	-1	4	0	-1	-1	2	0	-1	-1	5	0	-1	-1	0	0	-1	-1	0	0	-1	-1	2	0	-1	-1	0	0	-1	-1	3	0	-1	-1	4	0	-1	-1	5	0	-1	-1	1	0	-1	-1	2	0	-1	-1	5	0	-1	-1	4	0	-1	-1	3	0	-1	-1	3	0	-1	-1	2	0	-1	-1	1	0	-1	-1	0	0	-1	0	2	0	-1	-1	5	0	0	-1	4	0	-1	-1	3	0	0	-1	5	0	0	-1	2	0	0	-1	1	1	-1	-1	0	0	-1	-1	0	0	-1	2	5	0	-1	3	5	0	0	-1	0	0	-1	-1	1	0	-1	-1	5	0	-1	-1	5	0	0	-1	3	0	0	-1	2	0	-1	1	1	0	-1	-1	2	0	-1	-1	0	0	-1	-1	3	0	0	-1	4	0	-1	-1	1	0	-1	-1	0	0	-1	-1	4	0	0	-1	2	0	-1	3	3	0	-1	-1	5	0	-1	0	3	0	-1	1	4	0	-1	-1	1	0	0	-1	5	0	0	-1	1	0	0	-1	4	0	-1	-1	3	0	-1	-1	1	0	-1	-1	4	0	0	-1	0	0	-1	3	5	0	0	-1	4	0	0	-1	0	0	0	-1	3	0	0	-1	
1	30000	7-6-7-5
1	0	-1	-1	3	0	-1	-1	2	0	-1	-1	0	0	-1	-1	2	0	-1	-1	5	0	-1	-1	2	0	-1	-1	5	0	-1	-1	3	0	-1	-1	2	0	-1	-1	4	0	-1	-1	0	0	-1	-1	1	0	-1	-1	4	0	-1	-1	2	0	-1	-1	2	0	-1	-1	3	0	-1	-1	3	0	-1	-1	3	0	-1	-1	5	0	-1	-1	4	0	-1	-1	2	0	-1	-1	5	0	-1	-1	0	0	-1	-1	4	0	-1	-1	2	0	-1	-1	0	0	-1	-1	3	0	-1	-1	4	0	-1	-1	5	0	-1	-1	1	0	-1	-1	2	0	-1	-1	5	0	-1	-1	2	0	-1	-1	3	0	-1	-1	3	0	-1	-1	2	0	-1	-1	1	0	-1	-1	0	0	-1	0	2	0	-1	-1	5	0	0	-1	4	0	-1	-1	0	0	0	-1	5	0	0	-1	2	0	0	-1	1	1	-1	-1	0	0	-1	-1	0	0	-1	2	5	0	-1	3	5	0	0	-1	0	0	-1	-1	0	0	-1	-1	5	0	-1	-1	5	0	0	-1	3	0	0	-1	2	0	-1	1	1	0	-1	-1	2	0	-1	-1	0	0	-1	-1	3	0	0	-1	4	0	-1	-1	1	0	-1	-1	0	0	-1	-1	4	0	0	-1	2	0	-1	3	3	0	-1	-1	5	0	-1	0	3	0	-1	1	1	0	-1	-1	3	0	-1	-1	5	0	0	-1	1	0	0	-1	4	0	-1	-1	3	0	-1	-1	1	0	-1	-1	4	0	0	-1	0	0	-1	3	5	0	0	-1	1	0	-1	-1	0	0	0	-1	3	0	0	-1	
1	33600	6-5-7-5
1	0	-1	-1	3	0	-1	-1	2	0	-1	-1	0	0	-1	-1	1	0	-1	-1	3	0	-1	-1	1	0	-1	-1	3	0	-1	-1	3	0	-1	-1	2	0	-1	-1	4	0	-1	-1	0	0	-1	-1	1	0	-1	-1	2	0	-1	-1	3	0	-1	-1	0	0	-1	-1	5	0	-1	-1	3	0	-1	-1	3	0	-1	-1	5	0	-1	-1	4	0	-1	-1	2	0	-1	-1	4	0	-1	-1	5	0	-1	-1	2	0	-1	-1	3	0	-1	-1	0	0	-1	-1	3	0	-1	-1	4	0	-1	-1	5	0	-1	-1	1	0	-1	-1	5	0	-1	-1	0	0	-1	-1	4	0	-1	-1	3	0	-1	-1	3	0	-1	-1	2	0	-1	-1	1	0	-1	-1	0	0	-1	0	2	0	-1	-1	2	0	0	-1	5	0	-1	-1	2	0	0	-1	5	0	0	-1	2	0	0	-1	1	1	-1	-1	0	0	-1	-1	0	0	-1	2	5	0	-1	3	5	0	0	-1	4	0	-1	-1	0	0	-1	-1	5	0	-1	-1	5	0	0	-1	3	0	0	-1	2	0	-1	1	1	0	-1	-1	2	0	-1	-1	5	0	-1	-1	0	0	0	-1	0	0	-1	-1	1	0	-1	-1	0	0	-1	-1	4	0	0	-1	2	0	-1	3	3	0	-1	-1	5	0	-1	0	0	0	-1	1	1	0	-1	-1	4	0	-1	-1	5	0	0	-1	1	0	0	-1	4	0	-1	-1	3	0	-1	-1	1	0	-1	-1	4	0	0	-1	0	0	-1	3	5	0	0	-1	1	0	-1	-1	0	0	0	-1	3	0	0	-1	
1	35400	6-5-6-4
1	0	-1	-1	3	0	-1	-1	2	0	-1	-1	0	0	-1	-1	1	0	-1	-1	3	0	-1	-1	1	0	-1	-1	3	0	-1	-1	3	0	-1	-1	2	0	-1	-1	4	0	-1	-1	0	0	-1	-1	1	0	-1	-1	2	0	-1	-1	3	0	-1	-1	0	0	-1	-1	5	0	-1	-1	3	0	-1	-1	3	0	-1	-1	5	0	-1	-1	4	0	-1	-1	2	0	-1	-1	4	0	-1	-1	5	0	-1	-1	2	0	-1	-1	3	0	-1	-1	0	0	-1	-1	3	0	-1	-1	4	0	-1	-1	5	0	-1	-1	1	0	-1	-1	1	0	-1	-1	0	0	-1	-1	4	0	-1	-1	3	0	-1	-1	3	0	-1	-1	2	0	-1	-1	1	0	-1	-1	0	0	-1	0	2	0	-1	-1	2	0	0	-1	5	0	-1	-1	2	0	0	-1	5	0	0	-1	2	0	0	-1	1	1	-1	-1	0	0	-1	-1	0	0	-1	2	5	0	-1	3	4	0	0	-1	4	0	-1	-1	0	0	-1	-1	5	0	-1	-1	5	0	0	-1	3	0	0	-1	2	0	-1	1	1	0	-1	-1	2	0	-1	-1	5	0	-1	-1	5	0	0	-1	0	0	-1	-1	1	0	-1	-1	0	0	-1	-1	4	0	0	-1	2	0	-1	3	3	0	-1	-1	5	0	-1	0	2	0	-1	1	1	0	-1	-1	4	0	-1	-1	5	0	0	-1	1	0	0	-1	4	0	-1	-1	3	0	-1	-1	1	0	-1	-1	4	0	0	-1	5	0	-1	3	5	0	0	-1	1	0	-1	-1	0	0	0	-1	3	0	0	-1	
1	36600	7-3-8-3
1	0	-1	-1	3	0	-1	-1	2	0	-1	-1	2	0	-1	-1	1	0	-1	-1	0	0	-1	-1	1	0	-1	-1	3	0	-1	-1	3	0	-1	-1	2	0	-1	-1	4	0	-1	-1	0	0	-1	-1	0	0	-1	-1	1	0	-1	-1	3	0	-1	-1	0	0	-1	-1	5	0	-1	-1	3	0	-1	-1	3	0	-1	-1	5	0	-1	-1	4	0	-1	-1	1	0	-1	-1	2	0	-1	-1	3	0	-1	-1	2	0	-1	-1	3	0	-1	-1	0	0	-1	-1	3	0	-1	-1	4	0	-1	-1	5	0	-1	-1	2	0	-1	-1	4	0	-1	-1	5	0	-1	-1	4	0	-1	-1	3	0	-1	-1	3	0	-1	-1	2	0	-1	-1	1	0	-1	-1	0	0	-1	0	1	0	-1	-1	1	0	0	-1	0	0	-1	-1	2	0	0	-1	5	0	0	-1	2	0	0	-1	1	1	-1	-1	0	0	-1	-1	0	0	-1	2	2	0	-1	3	2	0	0	-1	5	0	-1	-1	0	0	-1	-1	5	0	-1	-1	5	0	0	-1	3	0	0	-1	2	0	-1	1	1	0	-1	-1	5	0	-1	-1	4	0	-1	-1	4	0	0	-1	0	0	-1	-1	1	0	-1	-1	0	0	-1	-1	4	0	0	-1	2	0	-1	3	3	0	-1	-1	2	0	-1	0	5	0	-1	1	5	0	-1	-1	4	0	-1	-1	5	0	0	-1	1	0	0	-1	4	0	-1	-1	3	0	-1	-1	1	0	-1	-1	4	0	-1	-1	2	0	-1	3	1	0	-1	-1	1	0	-1	-1	0	0	0	-1	3	0	0	-1	
2	41200	2-2-2-1
1	0	-1	-1	2	0	-1	-1	5	0	-1	-1	4	0	-1	-1	1	0	-1	-1	0	0	-1	-1	1	0	-1	-1	3	0	-1	-1	3	0	-1	-1	2	0	-1	-1	3	0	-1	-1	0	0	-1	-1	0	0	-1	-1	1	0	-1	-1	3	0	-1	-1	0	0	-1	-1	5	0	-1	-1	3	0	-1	-1	3	0	-1	-1	0	0	-1	-1	5	0	-1	-1	1	0	-1	-1	2	0	-1	-1	3	0	-1	-1	2	0	-1	-1	3	0	-1	-1	0	0	-1	-1	3	0	-1	-1	3	0	-1	-1	5	0	-1	-1	2	0	-1	-1	4	0	-1	-1	5	0	-1	-1	4	0	-1	-1	3	0	-1	-1	3	0	-1	-1	2	0	-1	-1	1	0	-1	-1	0	0	-1	0	1	0	-1	-1	1	0	0	-1	0	0	-1	-1	2	0	0	-1	5	0	0	-1	2	0	0	-1	1	1	-1	-1	0	0	-1	-1	0	0	-1	2	2	0	-1	3	2	0	0	-1	5	0	-1	-1	0	0	-1	-1	5	0	-1	-1	5	0	0	-1	3	0	0	-1	2	0	-1	1	1	0	-1	-1	5	0	-1	-1	4	0	-1	-1	4	0	0	-1	0	0	-1	-1	1	0	-1	-1	0	0	-1	-1	4	0	0	-1	2	0	-1	3	3	0	-1	-1	2	0	-1	0	5	0	-1	1	5	0	-1	-1	4	0	-1	-1	5	0	0	-1	1	0	0	-1	4	0	-1	-1	3	0	-1	-1	1	0	-1	-1	4	0	-1	-1	2	0	-1	3	1	0	-1	-1	1	0	-1	-1	0	0	0	-1	3	0	0	-1	
2	43600	7-3-6-3
1	0	-1	-1	2	0	-1	-1	5	0	-1	-1	2	0	-1	-1	0	0	-1	-1	5	0	-1	-1	5	0	-1	-1	3	0	-1	-1	3	0	-1	-1	2	0	-1	-1	3	0	-1	-1	0	0	-1	-1	4	0	-1	-1	0	0	-1	-1	2	0	-1	-1	1	0	-1	-1	5	0	-1	-1	3	0	-1	-1	3	0	-1	-1	0	0	-1	-1	5	0	-1	-1	0	0	-1	-1	1	0	-1	-1	0	0	-1	-1	0	0	-1	-1	3	0	-1	-1	0	0	-1	-1	3	0	-1	-1	3	0	-1	-1	5	0	-1	-1	1	0	-1	-1	1	0	-1	-1	3	0	-1	-1	2	0	-1	-1	3	0	-1	-1	3	0	-1	-1	2	0	-1	-1	1	0	-1	-1	0	0	-1	0	2	0	-1	-1	2	0	0	-1	3	0	-1	-1	4	0	0	-1	5	0	0	-1	2	0	0	-1	1	1	-1	-1	0	0	-1	-1	0	0	-1	2	1	0	-1	3	4	0	0	-1	5	0	-1	-1	2	0	-1	-1	5	0	-1	-1	5	0	0	-1	3	0	0	-1	2	0	-1	1	1	0	-1	-1	2	0	-1	-1	1	0	-1	-1	0	0	0	-1	0	0	-1	-1	1	0	-1	-1	0	0	-1	-1	4	0	0	-1	2	0	-1	3	3	0	-1	-1	2	0	-1	0	2	0	-1	1	5	0	-1	-1	0	0	-1	-1	5	0	0	-1	1	0	0	-1	4	0	-1	-1	3	0	-1	-1	1	0	-1	-1	4	0	-1	-1	2	0	-1	3	1	0	-1	-1	1	0	-1	-1	0	0	0	-1	3	0	0	-1	
2	45400	7-2-7-1
1	0	-1	-1	2	0	-1	-1	1	0	-1	-1	5	0	-1	-1	0	0	-1	-1	5	0	-1	-1	1	0	-1	-1	5	0	-1	-1	5	0	-1	-1	2	0	-1	-1	3	0	-1	-1	5	0	-1	-1	2	0	-1	-1	4	0	-1	-1	2	0	-1	-1	0	0	-1	-1	0	0	-1	-1	3	0	-1	-1	3	0	-1	-1	0	0	-1	-1	0	0	-1	-1	4	0	-1	-1	0	0	-1	-1	2	0	-1	-1	1	0	-1	-1	3	0	-1	-1	0	0	-1	-1	3	0	-1	-1	3	0	-1	-1	5	0	-1	-1	0	0	-1	-1	1	0	-1	-1	3	0	-1	-1	2	0	-1	-1	3	0	-1	-1	3	0	-1	-1	2	0	-1	-1	1	0	-1	-1	5	0	-1	0	1	0	-1	-1	1	0	0	-1	3	0	-1	-1	4	0	0	-1	5	0	0	-1	2	0	0	-1	1	1	-1	-1	0	0	-1	-1	0	0	-1	2	2	0	-1	3	2	0	0	-1	5	0	-1	-1	2	0	-1	-1	5	0	-1	-1	5	0	0	-1	3	0	0	-1	2	0	-1	1	0	0	-1	-1	1	0	-1	-1	4	0	-1	-1	0	0	0	-1	0	0	-1	-1	1	0	-1	-1	0	0	-1	-1	4	0	0	-1	3	0	-1	3	1	0	-1	-1	2	0	-1	0	1	0	-1	1	5	0	-1	-1	0	0	-1	-1	5	0	0	-1	1	0	0	-1	4	0	-1	-1	3	0	-1	-1	1	0	-1	-1	4	0	-1	-1	2	0	-1	3	1	0	-1	-1	1	0	-1	-1	0	0	0	-1	3	0	0	-1	
2	52600	6-0-6-1
4	0	-1	-1	4	0	-1	-1	0	0	-1	-1	5	0	-1	-1	0	0	-1	-1	5	0	-1	-1	1	0	-1	-1	5	0	-1	-1	5	0	-1	-1	2	0	-1	-1	1	0	-1	-1	5	0	-1	-1	2	0	-1	-1	4	0	-1	-1	2	0	-1	-1	0	0	-1	-1	0	0	-1	-1	3	0	-1	-1	3	0	-1	-1	5	0	-1	-1	0	0	-1	-1	4	0	-1	-1	0	0	-1	-1	2	0	-1	-1	1	0	-1	-1	3	0	-1	-1	0	0	-1	-1	3	0	-1	-1	2	0	-1	-1	5	0	-1	-1	0	0	-1	-1	1	0	-1	-1	3	0	-1	-1	2	0	-1	-1	3	0	-1	-1	3	0	-1	-1	2	0	-1	-1	3	0	-1	-1	5	0	-1	0	1	0	-1	-1	1	0	0	-1	3	0	-1	-1	4	0	0	-1	5	0	0	-1	2	0	0	-1	1	1	-1	-1	0	0	-1	-1	0	0	-1	2	2	0	-1	3	2	0	0	-1	5	0	-1	-1	2	0	-1	-1	5	0	-1	-1	5	0	0	-1	2	0	0	-1	3	0	-1	1	0	0	-1	-1	1	0	-1	-1	4	0	-1	-1	0	0	0	-1	0	0	-1	-1	1	0	-1	-1	0	0	-1	-1	4	0	0	-1	1	0	-1	3	1	0	-1	-1	2	0	-1	0	1	0	-1	1	5	0	-1	-1	0	0	-1	-1	5	0	0	-1	1	0	0	-1	4	0	-1	-1	0	0	-1	-1	1	0	-1	-1	4	0	-1	-1	2	0	-1	3	1	0	-1	-1	1	0	-1	-1	0	0	0	-1	3	0	0	-1	
2	55000	-1--1--1--1
