Preamble
===============================================================================
t = gem type
bt = bonus type
i = ice layer
mp = medal portion
mu = medals uncovered
s = score
a = action
tmo = total moves
tme = total medals
r = row
c = columns
-------------------------------------------------------------------------------
tmo	tme	r	c
===============================================================================
30	4	12	12
-------------------------------------------------------------------------------

Key for state and progress information.
2 lines represent a state-action pair:
t	bt	i	mp	t	bt	i	mp	t	bt	i	mp	t	bt	i	mp	t	bt	i	mp	t	bt	i	mp	t	bt	i	mp	t	bt	i	mp	t	bt	i	mp	t	bt	i	mp	t	bt	i	mp	t	bt	i	mp	t	bt	i	mp	t	bt	i	mp	t	bt	i	mp	t	bt	i	mp	t	bt	i	mp	t	bt	i	mp	t	bt	i	mp	t	bt	i	mp	t	bt	i	mp	t	bt	i	mp	t	bt	i	mp	t	bt	i	mp	t	bt	i	mp	t	bt	i	mp	t	bt	i	mp	t	bt	i	mp	t	bt	i	mp	t	bt	i	mp	t	bt	i	mp	t	bt	i	mp	t	bt	i	mp	t	bt	i	mp	t	bt	i	mp	t	bt	i	mp	t	bt	i	mp	t	bt	i	mp	t	bt	i	mp	t	bt	i	mp	t	bt	i	mp	t	bt	i	mp	t	bt	i	mp	t	bt	i	mp	t	bt	i	mp	t	bt	i	mp	t	bt	i	mp	t	bt	i	mp	t	bt	i	mp	t	bt	i	mp	t	bt	i	mp	t	bt	i	mp	t	bt	i	mp	t	bt	i	mp	t	bt	i	mp	t	bt	i	mp	t	bt	i	mp	t	bt	i	mp	t	bt	i	mp	t	bt	i	mp	t	bt	i	mp	t	bt	i	mp	t	bt	i	mp	t	bt	i	mp	t	bt	i	mp	t	bt	i	mp	t	bt	i	mp	t	bt	i	mp	t	bt	i	mp	t	bt	i	mp	t	bt	i	mp	t	bt	i	mp	t	bt	i	mp	t	bt	i	mp	t	bt	i	mp	t	bt	i	mp	t	bt	i	mp	t	bt	i	mp	t	bt	i	mp	t	bt	i	mp	t	bt	i	mp	t	bt	i	mp	t	bt	i	mp	t	bt	i	mp	t	bt	i	mp	t	bt	i	mp	t	bt	i	mp	t	bt	i	mp	t	bt	i	mp	t	bt	i	mp	t	bt	i	mp	t	bt	i	mp	t	bt	i	mp	t	bt	i	mp	t	bt	i	mp	t	bt	i	mp	t	bt	i	mp	t	bt	i	mp	t	bt	i	mp	t	bt	i	mp	t	bt	i	mp	t	bt	i	mp	t	bt	i	mp	t	bt	i	mp	t	bt	i	mp	t	bt	i	mp	t	bt	i	mp	t	bt	i	mp	t	bt	i	mp	t	bt	i	mp	t	bt	i	mp	t	bt	i	mp	t	bt	i	mp	t	bt	i	mp	t	bt	i	mp	t	bt	i	mp	t	bt	i	mp	t	bt	i	mp	t	bt	i	mp	t	bt	i	mp	t	bt	i	mp	t	bt	i	mp	t	bt	i	mp	t	bt	i	mp	t	bt	i	mp	t	bt	i	mp	t	bt	i	mp	t	bt	i	mp	t	bt	i	mp	t	bt	i	mp	t	bt	i	mp	t	bt	i	mp	t	bt	i	mp	t	bt	i	mp	t	bt	i	mp	t	bt	i	mp	t	bt	i	mp	t	bt	i	mp	t	bt	i	mp	t	bt	i	mp	t	bt	i	mp	t	bt	i	mp	t	bt	i	mp	t	bt	i	mp	
===============================================================================
mu	s	a
===============================================================================

3	0	-1	-1	2	0	-1	-1	3	0	-1	-1	0	0	-1	-1	5	0	-1	-1	3	0	-1	-1	3	0	-1	-1	4	0	-1	-1	0	0	-1	-1	4	0	-1	-1	0	0	-1	-1	5	0	-1	-1	1	0	-1	-1	3	0	-1	-1	4	0	-1	-1	2	0	-1	-1	1	0	-1	-1	5	0	-1	-1	1	0	-1	-1	2	0	-1	-1	3	0	-1	-1	4	0	-1	-1	1	0	-1	-1	4	0	-1	-1	0	0	-1	-1	5	0	-1	-1	2	0	-1	-1	3	0	-1	-1	2	0	-1	-1	5	0	-1	-1	5	0	-1	-1	4	0	-1	-1	0	0	-1	-1	1	0	-1	-1	3	0	-1	-1	5	0	-1	-1	2	0	-1	-1	5	0	-1	-1	0	0	-1	-1	0	0	-1	-1	2	0	-1	-1	2	0	-1	-1	5	0	-1	-1	4	0	-1	-1	4	0	-1	-1	0	0	-1	-1	1	0	-1	-1	1	0	-1	-1	1	0	-1	-1	4	0	-1	-1	0	0	-1	-1	0	0	-1	-1	4	0	-1	-1	1	0	-1	-1	0	0	-1	-1	0	0	-1	-1	2	0	-1	-1	1	0	-1	-1	2	0	-1	-1	4	0	-1	-1	0	0	-1	-1	3	0	-1	-1	2	0	-1	-1	1	0	-1	-1	3	0	-1	-1	5	0	-1	-1	4	0	-1	-1	2	0	-1	-1	2	0	-1	-1	1	0	-1	-1	5	0	-1	-1	3	0	-1	-1	1	0	0	-1	3	0	0	-1	0	0	0	-1	2	0	0	-1	5	0	0	-1	0	0	0	-1	5	0	0	-1	3	0	0	-1	3	0	0	-1	5	0	0	-1	0	0	0	-1	4	0	0	-1	4	0	0	-1	4	0	0	-1	1	0	0	-1	1	0	0	-1	3	0	0	-1	0	0	0	-1	4	0	0	-1	5	0	0	-1	0	0	0	-1	2	0	0	-1	0	0	0	-1	2	0	0	-1	4	0	0	-1	4	0	0	-1	5	0	0	-1	0	0	0	-1	0	0	0	-1	3	0	0	-1	1	0	0	-1	5	0	0	-1	2	0	0	-1	3	0	0	-1	5	0	0	-1	0	0	0	-1	5	0	0	-1	0	0	0	-1	1	0	0	-1	3	0	0	-1	3	0	0	-1	0	0	0	-1	3	0	0	-1	4	0	0	-1	5	0	0	-1	1	0	0	-1	2	0	0	-1	2	0	0	-1	1	0	0	-1	5	0	0	-1	4	0	0	-1	2	0	0	-1	2	0	0	-1	0	0	0	-1	5	0	0	-1	1	0	0	-1	1	0	0	-1	2	0	0	-1	5	0	0	-1	0	0	0	-1	3	0	0	-1	5	0	0	-1	2	0	0	-1	5	0	0	-1	3	0	0	-1	5	0	0	-1	0	0	0	-1	0	0	0	-1	4	0	0	-1	2	0	0	-1	5	0	0	-1	1	0	0	-1	
0	0	11-6-11-5
3	0	-1	-1	2	0	-1	-1	3	0	-1	-1	0	0	-1	-1	5	0	-1	-1	2	0	-1	-1	3	0	-1	-1	4	0	-1	-1	0	0	-1	-1	4	0	-1	-1	0	0	-1	-1	5	0	-1	-1	1	0	-1	-1	3	0	-1	-1	4	0	-1	-1	2	0	-1	-1	1	0	-1	-1	5	0	-1	-1	1	0	-1	-1	2	0	-1	-1	3	0	-1	-1	4	0	-1	-1	1	0	-1	-1	4	0	-1	-1	0	0	-1	-1	5	0	-1	-1	2	0	-1	-1	3	0	-1	-1	2	0	-1	-1	0	0	-1	-1	5	0	-1	-1	4	0	-1	-1	0	0	-1	-1	1	0	-1	-1	3	0	-1	-1	5	0	-1	-1	2	0	-1	-1	5	0	-1	-1	0	0	-1	-1	0	0	-1	-1	2	0	-1	-1	3	0	-1	-1	5	0	-1	-1	4	0	-1	-1	4	0	-1	-1	0	0	-1	-1	1	0	-1	-1	1	0	-1	-1	1	0	-1	-1	4	0	-1	-1	0	0	-1	-1	0	0	-1	-1	4	0	-1	-1	5	0	-1	-1	0	0	-1	-1	0	0	-1	-1	2	0	-1	-1	1	0	-1	-1	2	0	-1	-1	4	0	-1	-1	0	0	-1	-1	3	0	-1	-1	2	0	-1	-1	1	0	-1	-1	3	0	-1	-1	5	0	-1	-1	4	0	-1	-1	2	0	-1	-1	2	0	-1	-1	1	0	-1	-1	5	0	-1	-1	3	0	-1	-1	1	0	0	-1	3	0	0	-1	0	0	0	-1	2	0	0	-1	5	0	0	-1	2	0	0	-1	5	0	0	-1	3	0	0	-1	3	0	0	-1	5	0	0	-1	0	0	0	-1	4	0	0	-1	4	0	0	-1	4	0	0	-1	1	0	0	-1	1	0	0	-1	3	0	0	-1	1	0	0	-1	4	0	0	-1	5	0	0	-1	0	0	0	-1	2	0	0	-1	0	0	0	-1	2	0	0	-1	4	0	0	-1	4	0	0	-1	5	0	0	-1	0	0	0	-1	0	0	0	-1	5	0	0	-1	1	0	0	-1	5	0	0	-1	2	0	0	-1	3	0	0	-1	5	0	0	-1	0	0	0	-1	5	0	0	-1	0	0	0	-1	1	0	0	-1	3	0	0	-1	3	0	0	-1	0	0	-1	-1	3	0	0	-1	4	0	0	-1	5	0	0	-1	1	0	0	-1	2	0	0	-1	2	0	0	-1	1	0	0	-1	5	0	0	-1	4	0	0	-1	2	0	0	-1	2	0	0	-1	0	0	-1	-1	5	0	0	-1	1	0	0	-1	1	0	0	-1	2	0	0	-1	5	0	0	-1	0	0	0	-1	3	0	0	-1	5	0	0	-1	2	0	0	-1	5	0	0	-1	3	0	0	-1	3	0	-1	-1	5	0	0	-1	0	0	0	-1	4	0	0	-1	2	0	0	-1	5	0	0	-1	1	0	0	-1	
0	1200	9-9-9-8
3	0	-1	-1	2	0	-1	-1	3	0	-1	-1	0	0	-1	-1	5	0	-1	-1	2	0	-1	-1	3	0	-1	-1	4	0	-1	-1	0	0	-1	-1	4	0	-1	-1	0	0	-1	-1	5	0	-1	-1	1	0	-1	-1	3	0	-1	-1	4	0	-1	-1	2	0	-1	-1	1	0	-1	-1	5	0	-1	-1	1	0	-1	-1	2	0	-1	-1	3	0	-1	-1	4	0	-1	-1	1	0	-1	-1	4	0	-1	-1	0	0	-1	-1	5	0	-1	-1	2	0	-1	-1	3	0	-1	-1	2	0	-1	-1	0	0	-1	-1	5	0	-1	-1	4	0	-1	-1	0	0	-1	-1	1	0	-1	-1	3	0	-1	-1	5	0	-1	-1	2	0	-1	-1	5	0	-1	-1	0	0	-1	-1	0	0	-1	-1	2	0	-1	-1	3	0	-1	-1	5	0	-1	-1	4	0	-1	-1	4	0	-1	-1	0	0	-1	-1	1	0	-1	-1	1	0	-1	-1	1	0	-1	-1	4	0	-1	-1	0	0	-1	-1	0	0	-1	-1	4	0	-1	-1	5	0	-1	-1	0	0	-1	-1	0	0	-1	-1	2	0	-1	-1	1	0	-1	-1	2	0	-1	-1	4	0	-1	-1	0	0	-1	-1	3	0	-1	-1	2	0	-1	-1	1	0	-1	-1	3	0	-1	-1	5	0	-1	-1	4	0	-1	-1	2	0	-1	-1	2	0	-1	-1	1	0	-1	-1	5	0	-1	-1	3	0	-1	-1	1	0	0	-1	3	0	0	-1	0	0	0	-1	2	0	0	-1	5	0	0	-1	2	0	0	-1	5	0	0	-1	3	0	0	-1	3	0	0	-1	5	0	0	-1	0	0	0	-1	4	0	0	-1	4	0	0	-1	4	0	0	-1	1	0	0	-1	1	0	0	-1	3	0	0	-1	1	0	0	-1	4	0	0	-1	5	0	0	-1	0	0	0	-1	2	0	0	-1	0	0	0	-1	2	0	0	-1	4	0	0	-1	4	0	0	-1	5	0	0	-1	0	0	0	-1	0	0	0	-1	5	0	0	-1	1	0	0	-1	5	0	0	-1	2	0	0	-1	3	0	0	-1	5	0	0	-1	0	0	0	-1	5	0	0	-1	0	0	0	-1	1	0	0	-1	3	0	0	-1	3	0	0	-1	0	0	-1	-1	3	0	0	-1	4	0	0	-1	5	0	0	-1	1	0	0	-1	2	0	0	-1	2	0	0	-1	1	0	0	-1	5	0	0	-1	4	0	0	-1	2	0	0	-1	2	0	0	-1	0	0	-1	-1	5	0	0	-1	1	0	0	-1	1	0	0	-1	2	0	0	-1	5	0	0	-1	0	0	0	-1	3	0	0	-1	5	0	0	-1	2	0	0	-1	5	0	0	-1	3	0	0	-1	3	0	-1	-1	5	0	0	-1	0	0	0	-1	4	0	0	-1	2	0	0	-1	5	0	0	-1	1	0	0	-1	
0	1200	9-9-10-9
3	0	-1	-1	2	0	-1	-1	3	0	-1	-1	0	0	-1	-1	5	0	-1	-1	2	0	-1	-1	3	0	-1	-1	1	0	-1	-1	4	0	-1	-1	0	0	-1	-1	5	0	-1	-1	0	0	-1	-1	1	0	-1	-1	3	0	-1	-1	4	0	-1	-1	2	0	-1	-1	1	0	-1	-1	5	0	-1	-1	1	0	-1	-1	0	0	-1	-1	3	0	-1	-1	3	0	-1	-1	0	0	-1	-1	3	0	-1	-1	0	0	-1	-1	5	0	-1	-1	2	0	-1	-1	3	0	-1	-1	2	0	-1	-1	0	0	-1	-1	5	0	-1	-1	4	0	-1	-1	2	0	-1	-1	5	0	-1	-1	4	0	-1	-1	0	0	-1	-1	2	0	-1	-1	5	0	-1	-1	0	0	-1	-1	0	0	-1	-1	2	0	-1	-1	3	0	-1	-1	5	0	-1	-1	2	0	-1	-1	3	0	-1	-1	4	3	-1	-1	5	0	-1	-1	5	0	-1	-1	1	0	-1	-1	4	0	-1	-1	0	0	-1	-1	0	0	-1	-1	4	0	-1	-1	5	0	-1	-1	0	0	-1	-1	4	0	-1	-1	0	0	-1	-1	4	3	-1	-1	1	0	-1	-1	5	0	-1	-1	0	0	-1	-1	3	0	-1	-1	2	0	-1	-1	1	0	-1	-1	3	0	-1	-1	5	0	-1	-1	4	0	-1	-1	0	0	-1	-1	2	0	-1	-1	0	0	-1	-1	2	0	-1	-1	4	0	-1	-1	1	0	0	-1	3	0	0	-1	0	0	0	-1	2	0	0	-1	5	0	0	-1	2	0	0	-1	5	0	0	-1	2	0	0	-1	2	0	0	-1	1	0	0	-1	1	0	0	-1	3	0	0	-1	4	0	0	-1	4	0	0	-1	1	0	0	-1	1	0	0	-1	3	0	0	-1	1	0	0	-1	4	0	0	-1	3	0	0	-1	3	0	0	-1	1	0	0	-1	3	0	0	-1	4	0	0	-1	4	0	0	-1	4	0	0	-1	5	0	0	-1	0	0	0	-1	0	0	0	-1	5	0	0	-1	1	0	0	-1	5	0	0	-1	0	0	0	-1	5	0	0	-1	2	0	0	-1	2	0	0	-1	5	0	0	-1	0	0	0	-1	1	0	0	-1	3	0	0	-1	3	0	0	-1	0	0	-1	-1	3	0	0	-1	5	0	0	-1	2	0	0	-1	2	0	-1	-1	5	0	-1	-1	0	0	-1	-1	1	0	0	-1	5	0	0	-1	4	0	0	-1	2	0	0	-1	2	0	0	-1	0	0	-1	-1	5	0	0	-1	4	0	-1	3	5	0	-1	-1	3	0	-1	0	0	0	-1	1	0	0	0	-1	3	0	0	-1	5	0	0	-1	2	0	0	-1	5	0	0	-1	3	0	0	-1	3	0	-1	-1	5	0	0	-1	0	0	0	-1	4	0	0	-1	2	0	0	-1	0	0	-1	3	1	0	0	-1	
0	18000	2-10-2-9
3	0	-1	-1	2	0	-1	-1	3	0	-1	-1	0	0	-1	-1	5	0	-1	-1	2	0	-1	-1	3	0	-1	-1	1	0	-1	-1	4	0	-1	-1	4	0	-1	-1	5	0	-1	-1	0	0	-1	-1	1	0	-1	-1	3	0	-1	-1	4	0	-1	-1	2	0	-1	-1	1	0	-1	-1	5	0	-1	-1	1	0	-1	-1	0	0	-1	-1	4	0	-1	-1	4	0	-1	-1	3	0	-1	-1	3	0	-1	-1	0	0	-1	-1	5	0	-1	-1	2	0	-1	-1	3	0	-1	-1	2	0	-1	-1	0	0	-1	-1	5	0	-1	-1	4	0	-1	-1	2	0	-1	-1	3	0	-1	-1	3	0	-1	-1	0	0	-1	-1	2	0	-1	-1	5	0	-1	-1	0	0	-1	-1	0	0	-1	-1	2	0	-1	-1	3	0	-1	-1	5	0	-1	-1	2	0	-1	-1	5	0	-1	-1	1	0	-1	-1	4	0	-1	-1	5	0	-1	-1	1	0	-1	-1	4	0	-1	-1	0	0	-1	-1	0	0	-1	-1	4	0	-1	-1	5	0	-1	-1	0	0	-1	-1	4	0	-1	-1	4	0	-1	-1	0	0	-1	-1	5	0	-1	-1	5	0	-1	-1	0	0	-1	-1	3	0	-1	-1	2	0	-1	-1	1	0	-1	-1	3	0	-1	-1	5	0	-1	-1	4	0	-1	-1	0	0	-1	-1	3	0	-1	-1	3	0	-1	-1	0	0	-1	-1	4	0	-1	-1	1	0	0	-1	3	0	0	-1	0	0	0	-1	2	0	0	-1	5	0	0	-1	2	0	0	-1	5	0	0	-1	2	0	0	-1	2	0	0	-1	1	0	0	-1	1	0	0	-1	3	0	0	-1	4	0	0	-1	4	0	0	-1	1	0	0	-1	1	0	0	-1	3	0	0	-1	1	0	0	-1	4	0	0	-1	3	0	0	-1	3	0	0	-1	1	0	0	-1	3	0	0	-1	4	0	0	-1	4	0	0	-1	4	0	0	-1	5	0	0	-1	0	0	0	-1	0	0	0	-1	5	0	0	-1	1	0	0	-1	5	0	0	-1	0	0	0	-1	5	0	0	-1	2	0	0	-1	2	0	0	-1	5	0	0	-1	0	0	0	-1	1	0	0	-1	3	0	0	-1	3	0	0	-1	0	0	-1	-1	3	0	0	-1	5	0	0	-1	2	0	0	-1	2	0	-1	-1	5	0	-1	-1	0	0	-1	-1	1	0	0	-1	5	0	0	-1	4	0	0	-1	2	0	0	-1	2	0	0	-1	0	0	-1	-1	5	0	0	-1	4	0	-1	3	5	0	-1	-1	3	0	-1	0	0	0	-1	1	0	0	0	-1	3	0	0	-1	5	0	0	-1	2	0	0	-1	5	0	0	-1	3	0	0	-1	3	0	-1	-1	5	0	0	-1	0	0	0	-1	4	0	0	-1	2	0	0	-1	0	0	-1	3	1	0	0	-1	
0	26000	7-5-7-4
3	0	-1	-1	2	0	-1	-1	3	0	-1	-1	1	0	-1	-1	5	0	-1	-1	2	0	-1	-1	3	0	-1	-1	1	0	-1	-1	4	0	-1	-1	4	0	-1	-1	5	0	-1	-1	0	0	-1	-1	1	0	-1	-1	3	0	-1	-1	3	0	-1	-1	0	0	-1	-1	5	0	-1	-1	5	0	-1	-1	1	0	-1	-1	0	0	-1	-1	4	0	-1	-1	4	0	-1	-1	3	0	-1	-1	3	0	-1	-1	0	0	-1	-1	5	0	-1	-1	4	0	-1	-1	2	0	-1	-1	1	0	-1	-1	0	0	-1	-1	5	0	-1	-1	4	0	-1	-1	2	0	-1	-1	3	0	-1	-1	3	0	-1	-1	0	0	-1	-1	2	0	-1	-1	5	0	-1	-1	2	0	-1	-1	3	0	-1	-1	2	0	-1	-1	3	0	-1	-1	5	0	-1	-1	2	0	-1	-1	5	0	-1	-1	1	0	-1	-1	4	0	-1	-1	5	0	-1	-1	1	0	-1	-1	4	0	-1	-1	0	0	-1	-1	0	0	-1	-1	2	0	-1	-1	5	0	-1	-1	0	0	-1	-1	4	0	-1	-1	4	0	-1	-1	0	0	-1	-1	5	0	-1	-1	5	0	-1	-1	0	0	-1	-1	3	0	-1	-1	0	0	-1	-1	0	0	-1	-1	4	0	-1	-1	5	0	-1	-1	4	0	-1	-1	0	0	-1	-1	3	0	-1	-1	3	0	-1	-1	0	0	-1	-1	4	0	-1	-1	1	0	0	-1	3	0	0	-1	2	0	0	-1	1	0	0	-1	3	0	0	-1	2	0	0	-1	5	0	0	-1	2	0	0	-1	2	0	0	-1	1	0	0	-1	1	0	0	-1	3	0	0	-1	4	0	0	-1	4	0	0	-1	0	0	-1	-1	2	0	-1	0	5	0	-1	1	3	0	0	-1	4	0	0	-1	3	0	0	-1	3	0	0	-1	1	0	0	-1	3	0	0	-1	4	0	0	-1	4	0	0	-1	4	0	0	-1	5	0	0	-1	0	0	0	-1	0	0	0	-1	5	0	0	-1	1	0	0	-1	5	0	0	-1	0	0	0	-1	5	0	0	-1	2	0	0	-1	2	0	0	-1	5	0	0	-1	0	0	0	-1	1	0	0	-1	3	0	0	-1	3	0	0	-1	0	0	-1	-1	3	0	0	-1	5	0	0	-1	2	0	0	-1	2	0	-1	-1	5	0	-1	-1	0	0	-1	-1	1	0	0	-1	5	0	0	-1	4	0	0	-1	2	0	0	-1	2	0	0	-1	0	0	-1	-1	5	0	0	-1	4	0	-1	3	5	0	-1	-1	3	0	-1	0	0	0	-1	1	0	0	0	-1	3	0	0	-1	5	0	0	-1	2	0	0	-1	5	0	0	-1	3	0	0	-1	3	0	-1	-1	5	0	0	-1	0	0	0	-1	4	0	0	-1	2	0	0	-1	0	0	-1	3	1	0	0	-1	
0	26600	7-2-8-2
3	0	-1	-1	2	0	-1	-1	4	0	-1	-1	5	0	-1	-1	1	0	-1	-1	2	0	-1	-1	3	0	-1	-1	1	0	-1	-1	4	0	-1	-1	4	0	-1	-1	5	0	-1	-1	0	0	-1	-1	1	0	-1	-1	3	0	-1	-1	3	0	-1	-1	1	0	-1	-1	5	0	-1	-1	5	0	-1	-1	1	0	-1	-1	0	0	-1	-1	4	0	-1	-1	4	0	-1	-1	3	0	-1	-1	3	0	-1	-1	0	0	-1	-1	5	0	-1	-1	3	0	-1	-1	0	0	-1	-1	5	0	-1	-1	0	0	-1	-1	5	0	-1	-1	4	0	-1	-1	2	0	-1	-1	3	0	-1	-1	3	0	-1	-1	0	0	-1	-1	2	0	-1	-1	5	0	-1	-1	4	0	-1	-1	2	0	-1	-1	1	0	-1	-1	3	0	-1	-1	5	0	-1	-1	2	0	-1	-1	5	0	-1	-1	1	0	-1	-1	4	0	-1	-1	5	0	-1	-1	1	0	-1	-1	4	0	-1	-1	2	0	-1	-1	3	0	-1	-1	2	0	-1	-1	5	0	-1	-1	0	0	-1	-1	4	0	-1	-1	4	0	-1	-1	0	0	-1	-1	5	0	-1	-1	5	0	-1	-1	0	0	-1	-1	3	0	-1	-1	0	0	-1	-1	0	0	-1	-1	2	0	-1	-1	5	0	-1	-1	4	0	-1	-1	0	0	-1	-1	3	0	-1	-1	3	0	-1	-1	0	0	-1	-1	4	0	-1	-1	1	0	0	-1	3	0	0	-1	0	0	0	-1	0	0	0	-1	4	0	0	-1	2	0	0	-1	5	0	0	-1	2	0	0	-1	2	0	0	-1	1	0	0	-1	1	0	0	-1	3	0	0	-1	4	0	0	-1	4	0	0	-1	2	0	-1	-1	1	0	-1	0	3	0	-1	1	3	0	0	-1	4	0	0	-1	3	0	0	-1	3	0	0	-1	1	0	0	-1	3	0	0	-1	4	0	0	-1	4	0	0	-1	4	0	0	-1	5	0	-1	-1	2	0	-1	-1	5	0	-1	-1	5	0	0	-1	1	0	0	-1	5	0	0	-1	0	0	0	-1	5	0	0	-1	2	0	0	-1	2	0	0	-1	5	0	0	-1	0	0	0	-1	1	0	0	-1	3	0	0	-1	3	0	0	-1	0	0	-1	-1	3	0	0	-1	5	0	0	-1	2	0	0	-1	2	0	-1	-1	5	0	-1	-1	0	0	-1	-1	1	0	0	-1	5	0	0	-1	4	0	0	-1	2	0	0	-1	2	0	0	-1	0	0	-1	-1	5	0	0	-1	4	0	-1	3	5	0	-1	-1	3	0	-1	0	0	0	-1	1	0	0	0	-1	3	0	0	-1	5	0	0	-1	2	0	0	-1	5	0	0	-1	3	0	0	-1	3	0	-1	-1	5	0	0	-1	0	0	0	-1	4	0	0	-1	2	0	0	-1	0	0	-1	3	1	0	0	-1	
1	31200	10-6-10-7
3	0	-1	-1	2	0	-1	-1	4	0	-1	-1	5	0	-1	-1	1	0	-1	-1	2	0	-1	-1	3	0	-1	-1	5	0	-1	-1	5	0	-1	-1	4	0	-1	-1	5	0	-1	-1	0	0	-1	-1	1	0	-1	-1	3	0	-1	-1	3	0	-1	-1	1	0	-1	-1	5	0	-1	-1	5	0	-1	-1	1	0	-1	-1	2	0	-1	-1	2	0	-1	-1	1	0	-1	-1	3	0	-1	-1	3	0	-1	-1	0	0	-1	-1	5	0	-1	-1	3	0	-1	-1	0	0	-1	-1	5	0	-1	-1	0	0	-1	-1	5	0	-1	-1	5	0	-1	-1	4	0	-1	-1	4	0	-1	-1	3	0	-1	-1	0	0	-1	-1	2	0	-1	-1	5	0	-1	-1	4	0	-1	-1	2	0	-1	-1	1	0	-1	-1	3	0	-1	-1	5	0	-1	-1	1	0	-1	-1	2	0	-1	-1	3	0	-1	-1	4	0	-1	-1	5	0	-1	-1	1	0	-1	-1	4	0	-1	-1	2	0	-1	-1	3	0	-1	-1	2	0	-1	-1	5	0	-1	-1	0	0	-1	-1	1	0	-1	-1	5	0	-1	-1	1	0	-1	-1	5	0	-1	-1	5	0	-1	-1	0	0	-1	-1	3	0	-1	-1	0	0	-1	-1	0	0	-1	-1	2	0	-1	-1	5	0	-1	-1	4	0	-1	-1	0	0	-1	-1	4	0	-1	-1	0	0	-1	-1	0	0	-1	-1	4	0	-1	-1	1	0	0	-1	3	0	0	-1	0	0	0	-1	0	0	0	-1	4	0	0	-1	2	0	0	-1	5	0	0	-1	4	0	0	-1	3	0	0	-1	3	0	0	-1	1	0	0	-1	3	0	0	-1	4	0	0	-1	4	0	0	-1	2	0	-1	-1	1	0	-1	0	3	0	-1	1	3	0	0	-1	4	0	0	-1	2	0	0	-1	2	0	0	-1	1	0	0	-1	3	0	0	-1	4	0	0	-1	4	0	0	-1	4	0	0	-1	5	0	-1	-1	2	0	-1	-1	5	0	-1	-1	5	0	0	-1	1	0	0	-1	4	0	-1	-1	3	0	0	-1	1	0	0	-1	2	0	0	-1	2	0	0	-1	5	0	0	-1	0	0	0	-1	1	0	0	-1	3	0	0	-1	3	0	0	-1	0	0	-1	-1	3	0	0	-1	0	0	-1	1	0	0	-1	-1	5	0	-1	-1	5	0	-1	-1	0	0	-1	-1	1	0	0	-1	5	0	0	-1	4	0	0	-1	2	0	0	-1	2	0	0	-1	0	0	-1	-1	4	0	0	-1	3	0	-1	3	5	0	-1	-1	3	0	-1	0	0	0	-1	1	0	0	0	-1	3	0	0	-1	5	0	0	-1	2	0	0	-1	5	0	0	-1	3	0	0	-1	3	0	-1	-1	5	0	0	-1	0	0	0	-1	4	0	0	-1	2	0	0	-1	0	0	-1	3	1	0	0	-1	
1	36000	9-1-9-0
3	0	-1	-1	0	0	-1	-1	4	0	-1	-1	5	0	-1	-1	1	0	-1	-1	2	0	-1	-1	3	0	-1	-1	5	0	-1	-1	5	0	-1	-1	4	0	-1	-1	5	0	-1	-1	0	0	-1	-1	1	0	-1	-1	3	0	-1	-1	3	0	-1	-1	1	0	-1	-1	5	0	-1	-1	5	0	-1	-1	1	0	-1	-1	2	0	-1	-1	2	0	-1	-1	1	0	-1	-1	3	0	-1	-1	3	0	-1	-1	0	0	-1	-1	0	0	-1	-1	3	0	-1	-1	0	0	-1	-1	5	0	-1	-1	0	0	-1	-1	5	0	-1	-1	5	0	-1	-1	4	0	-1	-1	4	0	-1	-1	3	0	-1	-1	0	0	-1	-1	2	0	-1	-1	2	0	-1	-1	4	0	-1	-1	2	0	-1	-1	1	0	-1	-1	3	0	-1	-1	5	0	-1	-1	1	0	-1	-1	2	0	-1	-1	3	0	-1	-1	4	0	-1	-1	5	0	-1	-1	1	0	-1	-1	3	0	-1	-1	2	0	-1	-1	3	0	-1	-1	2	0	-1	-1	5	0	-1	-1	0	0	-1	-1	1	0	-1	-1	5	0	-1	-1	1	0	-1	-1	5	0	-1	-1	5	0	-1	-1	0	0	-1	-1	5	0	-1	-1	0	0	-1	-1	0	0	-1	-1	2	0	-1	-1	5	0	-1	-1	4	0	-1	-1	0	0	-1	-1	4	0	-1	-1	0	0	-1	-1	0	0	-1	-1	4	0	-1	-1	1	0	0	-1	5	0	0	-1	0	0	0	-1	0	0	0	-1	4	0	0	-1	2	0	0	-1	5	0	0	-1	4	0	0	-1	3	0	0	-1	3	0	0	-1	1	0	0	-1	3	0	0	-1	4	0	0	-1	4	0	0	-1	2	0	-1	-1	1	0	-1	0	3	0	-1	1	3	0	0	-1	4	0	0	-1	2	0	0	-1	2	0	0	-1	1	0	0	-1	3	0	0	-1	4	0	0	-1	4	0	0	-1	3	0	0	-1	5	0	-1	-1	2	0	-1	-1	5	0	-1	-1	5	0	0	-1	1	0	0	-1	4	0	-1	-1	3	0	0	-1	1	0	0	-1	2	0	0	-1	2	0	0	-1	0	0	0	-1	3	0	-1	-1	1	0	0	-1	3	0	0	-1	3	0	0	-1	0	0	-1	-1	3	0	0	-1	0	0	-1	1	0	0	-1	-1	5	0	-1	-1	5	0	-1	-1	0	0	-1	-1	1	0	0	-1	4	0	-1	-1	4	0	0	-1	2	0	0	-1	2	0	0	-1	0	0	-1	-1	4	0	0	-1	3	0	-1	3	5	0	-1	-1	3	0	-1	0	0	0	-1	1	0	0	0	-1	3	0	0	-1	4	0	-1	-1	2	0	0	-1	5	0	0	-1	3	0	0	-1	3	0	-1	-1	5	0	0	-1	0	0	0	-1	4	0	0	-1	2	0	0	-1	0	0	-1	3	1	0	0	-1	
1	37200	9-2-9-1
3	0	-1	-1	5	0	-1	-1	4	0	-1	-1	0	0	-1	-1	2	0	-1	-1	2	0	-1	-1	3	0	-1	-1	5	0	-1	-1	5	0	-1	-1	4	0	-1	-1	5	0	-1	-1	0	0	-1	-1	1	0	-1	-1	3	0	-1	-1	4	0	-1	-1	5	0	-1	-1	1	0	-1	-1	5	0	-1	-1	1	0	-1	-1	2	0	-1	-1	2	0	-1	-1	1	0	-1	-1	3	0	-1	-1	3	0	-1	-1	0	0	-1	-1	0	0	-1	-1	3	0	-1	-1	1	0	-1	-1	5	0	-1	-1	0	0	-1	-1	5	0	-1	-1	5	0	-1	-1	4	0	-1	-1	4	0	-1	-1	3	0	-1	-1	0	0	-1	-1	2	0	-1	-1	2	0	-1	-1	3	0	-1	-1	0	0	-1	-1	5	0	-1	-1	3	0	-1	-1	5	0	-1	-1	1	0	-1	-1	2	0	-1	-1	3	0	-1	-1	4	0	-1	-1	5	0	-1	-1	1	0	-1	-1	3	0	-1	-1	4	0	-1	-1	2	0	-1	-1	1	0	-1	-1	5	0	-1	-1	0	0	-1	-1	1	0	-1	-1	5	0	-1	-1	1	0	-1	-1	5	0	-1	-1	5	0	-1	-1	0	0	-1	-1	5	0	-1	-1	2	0	-1	-1	3	0	-1	-1	2	0	-1	-1	5	0	-1	-1	4	0	-1	-1	0	0	-1	-1	4	0	-1	-1	0	0	-1	-1	0	0	-1	-1	4	0	-1	-1	1	0	0	-1	5	0	0	-1	0	0	0	-1	0	0	0	-1	2	0	0	-1	2	0	0	-1	5	0	0	-1	4	0	0	-1	3	0	0	-1	3	0	0	-1	1	0	0	-1	3	0	0	-1	4	0	0	-1	4	0	0	-1	0	0	-1	-1	0	0	-1	0	4	0	-1	1	3	0	0	-1	4	0	0	-1	2	0	0	-1	2	0	0	-1	1	0	0	-1	3	0	0	-1	4	0	0	-1	4	0	0	-1	3	0	0	-1	2	0	-1	-1	1	0	-1	-1	3	0	-1	-1	5	0	0	-1	1	0	0	-1	4	0	-1	-1	3	0	0	-1	1	0	0	-1	2	0	0	-1	2	0	0	-1	0	0	0	-1	1	0	-1	-1	5	0	-1	-1	2	0	-1	-1	5	0	-1	-1	0	0	-1	-1	3	0	0	-1	0	0	-1	1	0	0	-1	-1	5	0	-1	-1	5	0	-1	-1	0	0	-1	-1	1	0	0	-1	4	0	-1	-1	4	0	0	-1	2	0	0	-1	2	0	0	-1	0	0	-1	-1	4	0	0	-1	3	0	-1	3	5	0	-1	-1	3	0	-1	0	0	0	-1	1	0	0	0	-1	3	0	0	-1	4	0	-1	-1	2	0	0	-1	5	0	0	-1	3	0	0	-1	3	0	-1	-1	5	0	0	-1	0	0	0	-1	4	0	0	-1	2	0	0	-1	0	0	-1	3	1	0	0	-1	
1	39000	8-2-8-3
