Preamble
===============================================================================
t = gem type
bt = bonus type
i = ice layer
mp = medal portion
mu = medals uncovered
s = score
a = action
tmo = total moves
tme = total medals
r = row
c = columns
-------------------------------------------------------------------------------
tmo	tme	r	c
===============================================================================
30	4	12	12
-------------------------------------------------------------------------------

Key for state and progress information.
2 lines represent a state-action pair:
t	bt	i	mp	t	bt	i	mp	t	bt	i	mp	t	bt	i	mp	t	bt	i	mp	t	bt	i	mp	t	bt	i	mp	t	bt	i	mp	t	bt	i	mp	t	bt	i	mp	t	bt	i	mp	t	bt	i	mp	t	bt	i	mp	t	bt	i	mp	t	bt	i	mp	t	bt	i	mp	t	bt	i	mp	t	bt	i	mp	t	bt	i	mp	t	bt	i	mp	t	bt	i	mp	t	bt	i	mp	t	bt	i	mp	t	bt	i	mp	t	bt	i	mp	t	bt	i	mp	t	bt	i	mp	t	bt	i	mp	t	bt	i	mp	t	bt	i	mp	t	bt	i	mp	t	bt	i	mp	t	bt	i	mp	t	bt	i	mp	t	bt	i	mp	t	bt	i	mp	t	bt	i	mp	t	bt	i	mp	t	bt	i	mp	t	bt	i	mp	t	bt	i	mp	t	bt	i	mp	t	bt	i	mp	t	bt	i	mp	t	bt	i	mp	t	bt	i	mp	t	bt	i	mp	t	bt	i	mp	t	bt	i	mp	t	bt	i	mp	t	bt	i	mp	t	bt	i	mp	t	bt	i	mp	t	bt	i	mp	t	bt	i	mp	t	bt	i	mp	t	bt	i	mp	t	bt	i	mp	t	bt	i	mp	t	bt	i	mp	t	bt	i	mp	t	bt	i	mp	t	bt	i	mp	t	bt	i	mp	t	bt	i	mp	t	bt	i	mp	t	bt	i	mp	t	bt	i	mp	t	bt	i	mp	t	bt	i	mp	t	bt	i	mp	t	bt	i	mp	t	bt	i	mp	t	bt	i	mp	t	bt	i	mp	t	bt	i	mp	t	bt	i	mp	t	bt	i	mp	t	bt	i	mp	t	bt	i	mp	t	bt	i	mp	t	bt	i	mp	t	bt	i	mp	t	bt	i	mp	t	bt	i	mp	t	bt	i	mp	t	bt	i	mp	t	bt	i	mp	t	bt	i	mp	t	bt	i	mp	t	bt	i	mp	t	bt	i	mp	t	bt	i	mp	t	bt	i	mp	t	bt	i	mp	t	bt	i	mp	t	bt	i	mp	t	bt	i	mp	t	bt	i	mp	t	bt	i	mp	t	bt	i	mp	t	bt	i	mp	t	bt	i	mp	t	bt	i	mp	t	bt	i	mp	t	bt	i	mp	t	bt	i	mp	t	bt	i	mp	t	bt	i	mp	t	bt	i	mp	t	bt	i	mp	t	bt	i	mp	t	bt	i	mp	t	bt	i	mp	t	bt	i	mp	t	bt	i	mp	t	bt	i	mp	t	bt	i	mp	t	bt	i	mp	t	bt	i	mp	t	bt	i	mp	t	bt	i	mp	t	bt	i	mp	t	bt	i	mp	t	bt	i	mp	t	bt	i	mp	t	bt	i	mp	t	bt	i	mp	t	bt	i	mp	t	bt	i	mp	t	bt	i	mp	t	bt	i	mp	t	bt	i	mp	t	bt	i	mp	t	bt	i	mp	t	bt	i	mp	t	bt	i	mp	t	bt	i	mp	t	bt	i	mp	t	bt	i	mp	t	bt	i	mp	t	bt	i	mp	t	bt	i	mp	t	bt	i	mp	
===============================================================================
mu	s	a
===============================================================================

5	0	-1	-1	2	0	-1	-1	2	0	-1	-1	1	0	-1	-1	1	0	-1	-1	3	0	-1	-1	3	0	-1	-1	2	0	-1	-1	0	0	-1	-1	2	0	-1	-1	5	0	-1	-1	3	0	-1	-1	1	0	-1	-1	2	0	-1	-1	0	0	-1	-1	3	0	-1	-1	2	0	-1	-1	5	0	-1	-1	1	0	-1	-1	0	0	-1	-1	1	0	-1	-1	0	0	-1	-1	3	0	-1	-1	3	0	-1	-1	1	0	-1	-1	1	0	-1	-1	2	0	-1	-1	0	0	-1	-1	3	0	-1	-1	0	0	-1	-1	3	0	-1	-1	5	0	-1	-1	1	0	-1	-1	5	0	-1	-1	5	0	-1	-1	2	0	-1	-1	5	0	-1	-1	5	0	-1	-1	1	0	-1	-1	1	0	-1	-1	5	0	-1	-1	1	0	-1	-1	5	0	-1	-1	1	0	-1	-1	2	0	-1	-1	1	0	-1	-1	1	0	-1	-1	5	0	-1	-1	2	0	-1	-1	5	0	-1	-1	4	0	-1	-1	3	0	-1	-1	3	0	-1	-1	2	0	-1	-1	4	0	-1	-1	3	0	-1	-1	0	0	-1	-1	4	0	-1	-1	4	0	-1	-1	2	0	-1	-1	3	0	-1	-1	1	0	-1	-1	2	0	-1	-1	4	0	-1	-1	3	0	-1	-1	0	0	-1	-1	4	0	-1	-1	4	0	-1	-1	2	0	-1	-1	2	0	-1	-1	0	0	-1	-1	2	0	-1	-1	1	0	0	-1	5	0	0	-1	4	0	0	-1	5	0	0	-1	5	0	0	-1	2	0	0	-1	3	0	0	-1	5	0	0	-1	3	0	0	-1	3	0	0	-1	4	0	0	-1	0	0	0	-1	1	0	0	-1	3	0	0	-1	2	0	0	-1	0	0	0	-1	1	0	0	-1	1	0	0	-1	5	0	0	-1	2	0	0	-1	1	0	0	-1	2	0	0	-1	5	0	0	-1	4	0	0	-1	0	0	0	-1	5	0	0	-1	0	0	0	-1	2	0	0	-1	1	0	0	-1	3	0	0	-1	3	0	0	-1	2	0	0	-1	2	0	0	-1	4	0	0	-1	1	0	0	-1	4	0	0	-1	2	0	0	-1	1	0	0	-1	3	0	0	-1	3	0	0	-1	5	0	0	-1	2	0	0	-1	0	0	0	-1	5	0	0	-1	1	0	0	-1	5	0	0	-1	2	0	0	-1	5	0	0	-1	4	0	0	-1	5	0	0	-1	1	0	0	-1	5	0	0	-1	4	0	0	-1	4	0	0	-1	5	0	0	-1	3	0	0	-1	0	0	0	-1	1	0	0	-1	2	0	0	-1	2	0	0	-1	5	0	0	-1	5	0	0	-1	3	0	0	-1	0	0	0	-1	4	0	0	-1	2	0	0	-1	4	0	0	-1	5	0	0	-1	4	0	0	-1	3	0	0	-1	0	0	0	-1	1	0	0	-1	
0	0	7-9-8-9
5	0	-1	-1	2	0	-1	-1	2	0	-1	-1	1	0	-1	-1	1	0	-1	-1	3	0	-1	-1	3	0	-1	-1	2	0	-1	-1	3	0	-1	-1	1	0	-1	-1	2	0	-1	-1	3	0	-1	-1	1	0	-1	-1	2	0	-1	-1	0	0	-1	-1	3	0	-1	-1	2	0	-1	-1	5	0	-1	-1	1	0	-1	-1	2	0	-1	-1	0	0	-1	-1	2	0	-1	-1	3	0	-1	-1	3	0	-1	-1	1	0	-1	-1	1	0	-1	-1	2	0	-1	-1	0	0	-1	-1	3	0	-1	-1	0	0	-1	-1	3	0	-1	-1	0	0	-1	-1	1	0	-1	-1	0	0	-1	-1	5	0	-1	-1	2	0	-1	-1	5	0	-1	-1	5	0	-1	-1	1	0	-1	-1	1	0	-1	-1	5	0	-1	-1	1	0	-1	-1	5	0	-1	-1	5	0	-1	-1	1	0	-1	-1	5	0	-1	-1	1	0	-1	-1	5	0	-1	-1	2	0	-1	-1	5	0	-1	-1	4	0	-1	-1	3	0	-1	-1	3	0	-1	-1	2	0	-1	-1	4	0	-1	-1	1	0	-1	-1	2	0	-1	-1	1	0	-1	-1	4	0	-1	-1	2	0	-1	-1	3	0	-1	-1	1	0	-1	-1	2	0	-1	-1	4	0	-1	-1	3	0	-1	-1	0	0	-1	-1	4	0	-1	-1	3	0	-1	-1	0	0	-1	-1	4	0	-1	-1	0	0	-1	-1	2	0	-1	-1	1	0	0	-1	5	0	0	-1	4	0	0	-1	5	0	0	-1	5	0	0	-1	2	0	0	-1	3	0	0	-1	4	0	0	-1	2	0	0	-1	2	0	0	-1	4	0	0	-1	0	0	0	-1	1	0	0	-1	3	0	0	-1	2	0	0	-1	0	0	0	-1	1	0	0	-1	1	0	0	-1	5	0	0	-1	5	0	0	-1	3	0	0	-1	3	0	0	-1	5	0	0	-1	4	0	0	-1	0	0	0	-1	5	0	0	-1	0	0	0	-1	2	0	0	-1	1	0	0	-1	3	0	0	-1	3	0	0	-1	2	0	-1	-1	1	0	-1	-1	4	0	-1	-1	1	0	0	-1	4	0	0	-1	2	0	0	-1	1	0	0	-1	3	0	0	-1	3	0	0	-1	5	0	0	-1	2	0	0	-1	0	0	0	-1	5	0	0	-1	1	0	0	-1	5	0	0	-1	2	0	0	-1	5	0	0	-1	4	0	0	-1	5	0	0	-1	1	0	0	-1	5	0	0	-1	4	0	0	-1	4	0	0	-1	5	0	0	-1	3	0	0	-1	0	0	0	-1	1	0	0	-1	2	0	0	-1	2	0	0	-1	5	0	0	-1	5	0	0	-1	3	0	0	-1	0	0	0	-1	4	0	0	-1	2	0	0	-1	4	0	0	-1	5	0	0	-1	4	0	0	-1	3	0	0	-1	0	0	0	-1	1	0	0	-1	
0	1800	10-5-11-5
5	0	-1	-1	2	0	-1	-1	2	0	-1	-1	1	0	-1	-1	4	0	-1	-1	5	0	-1	-1	3	0	-1	-1	2	0	-1	-1	3	0	-1	-1	1	0	-1	-1	2	0	-1	-1	3	0	-1	-1	1	0	-1	-1	2	0	-1	-1	0	0	-1	-1	3	0	-1	-1	1	0	-1	-1	3	0	-1	-1	3	0	-1	-1	2	0	-1	-1	0	0	-1	-1	2	0	-1	-1	3	0	-1	-1	3	0	-1	-1	1	0	-1	-1	1	0	-1	-1	2	0	-1	-1	0	0	-1	-1	2	0	-1	-1	5	0	-1	-1	1	0	-1	-1	0	0	-1	-1	1	0	-1	-1	0	0	-1	-1	5	0	-1	-1	2	0	-1	-1	5	0	-1	-1	5	0	-1	-1	1	0	-1	-1	1	0	-1	-1	3	0	-1	-1	0	0	-1	-1	3	0	-1	-1	5	0	-1	-1	1	0	-1	-1	5	0	-1	-1	1	0	-1	-1	5	0	-1	-1	2	0	-1	-1	5	0	-1	-1	4	0	-1	-1	3	0	-1	-1	5	0	-1	-1	1	0	-1	-1	5	0	-1	-1	1	0	-1	-1	2	0	-1	-1	1	0	-1	-1	4	0	-1	-1	2	0	-1	-1	3	0	-1	-1	1	0	-1	-1	2	0	-1	-1	4	0	-1	-1	3	0	-1	-1	2	0	-1	-1	4	0	-1	-1	3	0	-1	-1	0	0	-1	-1	4	0	-1	-1	0	0	-1	-1	2	0	-1	-1	1	0	0	-1	5	0	0	-1	4	0	0	-1	5	0	0	-1	3	0	0	-1	0	0	0	-1	4	0	0	-1	4	0	0	-1	2	0	0	-1	2	0	0	-1	4	0	0	-1	0	0	0	-1	1	0	0	-1	3	0	0	-1	2	0	0	-1	0	0	0	-1	5	0	0	-1	2	0	0	-1	3	0	0	-1	5	0	0	-1	3	0	0	-1	3	0	0	-1	5	0	0	-1	4	0	0	-1	0	0	0	-1	5	0	0	-1	0	0	0	-1	2	0	0	-1	1	0	0	-1	1	0	0	-1	5	0	0	-1	2	0	-1	-1	1	0	-1	-1	4	0	-1	-1	1	0	0	-1	4	0	0	-1	2	0	0	-1	1	0	0	-1	3	0	0	-1	3	0	0	-1	1	0	0	-1	3	0	0	-1	3	0	0	-1	5	0	0	-1	1	0	0	-1	5	0	0	-1	2	0	0	-1	5	0	0	-1	4	0	0	-1	5	0	0	-1	1	0	0	-1	5	0	0	-1	5	0	0	-1	2	0	0	-1	0	0	0	-1	3	0	0	-1	0	0	0	-1	1	0	0	-1	2	0	0	-1	2	0	0	-1	5	0	0	-1	5	0	0	-1	3	0	0	-1	0	0	0	-1	4	0	-1	-1	2	0	-1	-1	5	0	-1	-1	5	0	0	-1	4	0	0	-1	3	0	0	-1	0	0	0	-1	1	0	0	-1	
0	2400	10-9-10-8
5	0	-1	-1	2	0	-1	-1	2	0	-1	-1	1	0	-1	-1	4	0	-1	-1	5	0	-1	-1	3	0	-1	-1	2	0	-1	-1	1	0	-1	-1	1	0	-1	-1	2	0	-1	-1	3	0	-1	-1	1	0	-1	-1	2	0	-1	-1	0	0	-1	-1	3	0	-1	-1	1	0	-1	-1	3	0	-1	-1	3	0	-1	-1	2	0	-1	-1	4	0	-1	-1	2	0	-1	-1	3	0	-1	-1	3	0	-1	-1	1	0	-1	-1	1	0	-1	-1	2	0	-1	-1	0	0	-1	-1	2	0	-1	-1	5	0	-1	-1	1	0	-1	-1	0	0	-1	-1	2	0	-1	-1	0	0	-1	-1	5	0	-1	-1	2	0	-1	-1	5	0	-1	-1	5	0	-1	-1	1	0	-1	-1	1	0	-1	-1	3	0	-1	-1	0	0	-1	-1	3	0	-1	-1	5	0	-1	-1	3	0	-1	-1	5	0	-1	-1	1	0	-1	-1	5	0	-1	-1	2	0	-1	-1	5	0	-1	-1	4	0	-1	-1	3	0	-1	-1	5	0	-1	-1	1	0	-1	-1	5	0	-1	-1	1	0	-1	-1	0	0	-1	-1	1	0	-1	-1	4	0	-1	-1	2	0	-1	-1	3	0	-1	-1	1	0	-1	-1	2	0	-1	-1	4	0	-1	-1	3	0	-1	-1	2	0	-1	-1	4	0	-1	-1	3	0	-1	-1	1	0	-1	-1	4	0	-1	-1	0	0	-1	-1	2	0	-1	-1	1	0	0	-1	5	0	0	-1	4	0	0	-1	5	0	0	-1	3	0	0	-1	0	0	0	-1	4	0	0	-1	4	0	0	-1	1	0	0	-1	2	0	0	-1	4	0	0	-1	0	0	0	-1	1	0	0	-1	3	0	0	-1	2	0	0	-1	0	0	0	-1	5	0	0	-1	2	0	0	-1	3	0	0	-1	5	0	0	-1	2	0	0	-1	3	0	0	-1	5	0	0	-1	4	0	0	-1	0	0	0	-1	5	0	0	-1	0	0	0	-1	2	0	0	-1	1	0	0	-1	1	0	0	-1	5	0	0	-1	2	0	-1	-1	0	0	-1	-1	4	0	-1	-1	1	0	0	-1	4	0	0	-1	2	0	0	-1	1	0	0	-1	3	0	0	-1	3	0	0	-1	1	0	0	-1	3	0	0	-1	3	0	0	-1	5	0	0	-1	2	0	-1	-1	5	0	0	-1	2	0	0	-1	5	0	0	-1	4	0	0	-1	5	0	0	-1	1	0	0	-1	5	0	0	-1	5	0	0	-1	2	0	0	-1	0	0	0	-1	3	0	0	-1	3	0	-1	-1	0	0	0	-1	2	0	0	-1	2	0	0	-1	5	0	0	-1	5	0	0	-1	3	0	0	-1	0	0	0	-1	4	0	-1	-1	2	0	-1	-1	5	0	-1	-1	5	0	0	-1	4	0	0	-1	3	0	0	-1	0	0	0	-1	1	0	0	-1	
0	3600	4-4-4-3
5	0	-1	-1	2	0	-1	-1	2	0	-1	-1	1	0	-1	-1	5	0	-1	-1	5	0	-1	-1	3	0	-1	-1	2	0	-1	-1	1	0	-1	-1	1	0	-1	-1	2	0	-1	-1	3	0	-1	-1	1	0	-1	-1	2	0	-1	-1	0	0	-1	-1	3	0	-1	-1	0	0	-1	-1	3	0	-1	-1	3	0	-1	-1	2	0	-1	-1	4	0	-1	-1	2	0	-1	-1	3	0	-1	-1	3	0	-1	-1	1	0	-1	-1	1	0	-1	-1	2	0	-1	-1	0	0	-1	-1	5	0	-1	-1	5	0	-1	-1	1	0	-1	-1	0	0	-1	-1	2	0	-1	-1	0	0	-1	-1	5	0	-1	-1	2	0	-1	-1	5	0	-1	-1	5	0	-1	-1	1	0	-1	-1	1	0	-1	-1	4	0	-1	-1	0	0	-1	-1	3	0	-1	-1	5	0	-1	-1	3	0	-1	-1	5	0	-1	-1	1	0	-1	-1	5	0	-1	-1	2	0	-1	-1	5	0	-1	-1	4	0	-1	-1	5	0	-1	-1	1	0	-1	-1	1	0	-1	-1	5	0	-1	-1	1	0	-1	-1	0	0	-1	-1	1	0	-1	-1	4	0	-1	-1	2	0	-1	-1	3	0	-1	-1	1	0	-1	-1	2	0	-1	-1	4	0	-1	-1	2	0	-1	-1	2	0	-1	-1	4	0	-1	-1	3	0	-1	-1	1	0	-1	-1	4	0	-1	-1	0	0	-1	-1	2	0	-1	-1	1	0	0	-1	5	0	0	-1	4	0	0	-1	5	0	0	-1	3	1	-1	-1	0	0	0	-1	4	0	0	-1	4	0	0	-1	1	0	0	-1	2	0	0	-1	4	0	0	-1	0	0	0	-1	1	0	0	-1	3	0	0	-1	2	0	0	-1	0	0	0	-1	5	0	0	-1	2	0	0	-1	3	0	0	-1	5	0	0	-1	2	0	0	-1	3	0	0	-1	5	0	0	-1	4	0	0	-1	0	0	0	-1	5	0	0	-1	0	0	0	-1	2	0	0	-1	1	0	0	-1	1	0	0	-1	5	0	0	-1	2	0	-1	-1	0	0	-1	-1	4	0	-1	-1	1	0	0	-1	4	0	0	-1	2	0	0	-1	1	0	0	-1	3	0	0	-1	3	0	0	-1	1	0	0	-1	3	0	0	-1	3	0	0	-1	5	0	0	-1	2	0	-1	-1	5	0	0	-1	2	0	0	-1	5	0	0	-1	4	0	0	-1	5	0	0	-1	1	0	0	-1	5	0	0	-1	5	0	0	-1	2	0	0	-1	0	0	0	-1	3	0	0	-1	3	0	-1	-1	0	0	0	-1	2	0	0	-1	2	0	0	-1	5	0	0	-1	5	0	0	-1	3	0	0	-1	0	0	0	-1	4	0	-1	-1	2	0	-1	-1	5	0	-1	-1	5	0	0	-1	4	0	0	-1	3	0	0	-1	0	0	0	-1	1	0	0	-1	
0	5200	9-7-10-7
5	0	-1	-1	2	0	-1	-1	2	0	-1	-1	1	0	-1	-1	5	0	-1	-1	1	0	-1	-1	1	0	-1	-1	5	0	-1	-1	1	0	-1	-1	1	0	-1	-1	2	0	-1	-1	3	0	-1	-1	1	0	-1	-1	2	0	-1	-1	0	0	-1	-1	3	0	-1	-1	0	0	-1	-1	5	0	-1	-1	3	0	-1	-1	2	0	-1	-1	4	0	-1	-1	2	0	-1	-1	3	0	-1	-1	3	0	-1	-1	1	0	-1	-1	1	0	-1	-1	2	0	-1	-1	0	0	-1	-1	5	0	-1	-1	3	0	-1	-1	3	0	-1	-1	2	0	-1	-1	2	0	-1	-1	0	0	-1	-1	5	0	-1	-1	2	0	-1	-1	5	0	-1	-1	5	0	-1	-1	1	0	-1	-1	1	0	-1	-1	4	0	-1	-1	5	0	-1	-1	1	0	-1	-1	0	0	-1	-1	3	0	-1	-1	5	0	-1	-1	1	0	-1	-1	5	0	-1	-1	2	0	-1	-1	5	0	-1	-1	4	0	-1	-1	5	0	-1	-1	1	0	-1	-1	0	0	-1	-1	3	0	-1	-1	5	0	-1	-1	0	0	-1	-1	1	0	-1	-1	4	0	-1	-1	2	0	-1	-1	3	0	-1	-1	1	0	-1	-1	2	0	-1	-1	4	0	-1	-1	2	0	-1	-1	1	0	-1	-1	5	0	-1	-1	1	0	-1	-1	1	0	-1	-1	4	0	-1	-1	0	0	-1	-1	2	0	-1	-1	1	0	0	-1	5	0	0	-1	4	0	0	-1	5	0	0	-1	3	1	-1	-1	2	0	0	-1	4	0	0	-1	3	0	0	-1	1	0	0	-1	2	0	0	-1	4	0	0	-1	0	0	0	-1	1	0	0	-1	3	0	0	-1	2	0	0	-1	0	0	0	-1	5	0	0	-1	0	0	0	-1	4	0	0	-1	4	0	0	-1	2	0	0	-1	3	0	0	-1	5	0	0	-1	4	0	0	-1	0	0	0	-1	5	0	0	-1	0	0	0	-1	2	0	0	-1	1	0	0	-1	2	0	0	-1	3	0	0	-1	5	0	-1	-1	0	0	-1	-1	4	0	-1	-1	1	0	0	-1	4	0	0	-1	2	0	0	-1	1	0	0	-1	3	0	0	-1	3	0	0	-1	1	0	0	-1	1	0	-1	-1	5	0	-1	-1	2	0	-1	-1	2	0	-1	-1	5	0	0	-1	2	0	0	-1	5	0	0	-1	4	0	0	-1	5	0	0	-1	1	0	0	-1	5	0	0	-1	5	0	0	-1	2	0	0	-1	0	0	0	-1	5	0	0	-1	3	0	-1	-1	0	0	0	-1	2	0	0	-1	2	0	0	-1	5	0	0	-1	5	0	0	-1	3	0	0	-1	0	0	0	-1	4	0	-1	-1	2	0	-1	-1	5	0	-1	-1	5	0	0	-1	4	0	0	-1	3	0	0	-1	0	0	0	-1	1	0	0	-1	
0	5800	9-10-9-9
5	0	-1	-1	2	0	-1	-1	2	0	-1	-1	1	0	-1	-1	5	0	-1	-1	1	0	-1	-1	1	0	-1	-1	2	0	-1	-1	4	0	-1	-1	1	0	-1	-1	2	0	-1	-1	3	0	-1	-1	1	0	-1	-1	2	0	-1	-1	0	0	-1	-1	3	0	-1	-1	0	0	-1	-1	5	0	-1	-1	3	0	-1	-1	0	0	-1	-1	1	0	-1	-1	1	0	-1	-1	3	0	-1	-1	3	0	-1	-1	1	0	-1	-1	1	0	-1	-1	2	0	-1	-1	0	0	-1	-1	5	0	-1	-1	3	0	-1	-1	3	0	-1	-1	2	0	-1	-1	4	0	-1	-1	2	0	-1	-1	5	0	-1	-1	2	0	-1	-1	5	0	-1	-1	5	0	-1	-1	1	0	-1	-1	1	0	-1	-1	4	0	-1	-1	5	0	-1	-1	1	0	-1	-1	3	0	-1	-1	2	0	-1	-1	0	0	-1	-1	1	0	-1	-1	5	0	-1	-1	2	0	-1	-1	5	0	-1	-1	4	0	-1	-1	5	0	-1	-1	1	0	-1	-1	0	0	-1	-1	3	0	-1	-1	5	0	-1	-1	3	0	-1	-1	5	0	-1	-1	4	0	-1	-1	2	0	-1	-1	3	0	-1	-1	1	0	-1	-1	2	0	-1	-1	4	0	-1	-1	2	0	-1	-1	1	0	-1	-1	5	0	-1	-1	2	0	-1	-1	0	0	-1	-1	1	0	-1	-1	0	0	-1	-1	2	0	-1	-1	1	0	0	-1	5	0	0	-1	4	0	0	-1	5	0	0	-1	3	1	-1	-1	2	0	0	-1	4	0	0	-1	2	0	0	-1	1	0	0	-1	4	0	0	-1	4	0	0	-1	0	0	0	-1	1	0	0	-1	3	0	0	-1	2	0	0	-1	0	0	0	-1	5	0	0	-1	0	0	0	-1	4	0	0	-1	0	0	0	-1	1	0	0	-1	2	0	0	-1	5	0	0	-1	4	0	0	-1	0	0	0	-1	5	0	0	-1	0	0	0	-1	2	0	0	-1	1	0	0	-1	2	0	0	-1	3	0	0	-1	5	0	-1	-1	2	0	-1	-1	3	0	-1	-1	1	0	0	-1	4	0	0	-1	2	0	0	-1	1	0	0	-1	3	0	0	-1	3	0	0	-1	1	0	0	-1	1	0	-1	-1	5	0	-1	-1	1	0	-1	-1	0	0	-1	-1	4	0	-1	-1	5	0	0	-1	5	0	0	-1	4	0	0	-1	5	0	0	-1	1	0	0	-1	5	0	0	-1	5	0	0	-1	2	0	0	-1	0	0	0	-1	3	0	-1	-1	3	0	-1	-1	0	0	0	-1	2	0	0	-1	2	0	0	-1	5	0	0	-1	5	0	0	-1	3	0	0	-1	0	0	0	-1	4	0	-1	-1	2	0	-1	-1	5	0	-1	-1	4	0	-1	-1	4	0	0	-1	3	0	0	-1	0	0	0	-1	1	0	0	-1	
0	8800	5-3-5-2
4	0	-1	-1	5	0	-1	-1	4	0	-1	-1	1	1	-1	-1	3	0	-1	-1	3	0	-1	-1	5	0	-1	-1	2	0	-1	-1	4	0	-1	-1	1	0	-1	-1	2	0	-1	-1	3	0	-1	-1	5	0	-1	-1	3	0	-1	-1	4	0	-1	-1	1	0	-1	-1	5	0	-1	-1	5	0	-1	-1	3	0	-1	-1	0	0	-1	-1	1	0	-1	-1	1	0	-1	-1	3	0	-1	-1	3	0	-1	-1	1	0	-1	-1	0	0	-1	-1	3	0	-1	-1	3	0	-1	-1	0	0	-1	-1	3	0	-1	-1	3	0	-1	-1	2	0	-1	-1	4	0	-1	-1	2	0	-1	-1	5	0	-1	-1	2	0	-1	-1	1	0	-1	-1	1	0	-1	-1	2	0	-1	-1	0	0	-1	-1	5	0	-1	-1	5	0	-1	-1	1	0	-1	-1	3	0	-1	-1	2	0	-1	-1	0	0	-1	-1	1	0	-1	-1	5	0	-1	-1	2	0	-1	-1	5	0	-1	-1	2	0	-1	-1	1	0	-1	-1	4	0	-1	-1	0	0	-1	-1	3	0	-1	-1	5	0	-1	-1	3	0	-1	-1	5	0	-1	-1	4	0	-1	-1	2	0	-1	-1	3	0	-1	-1	1	0	-1	-1	0	0	-1	-1	5	0	-1	-1	1	0	-1	-1	1	0	-1	-1	5	0	-1	-1	2	0	-1	-1	0	0	-1	-1	1	0	-1	-1	0	0	-1	-1	2	0	-1	-1	1	0	0	-1	5	0	0	-1	1	0	-1	-1	5	0	0	-1	3	1	-1	-1	2	0	0	-1	4	0	0	-1	2	0	0	-1	1	0	0	-1	4	0	0	-1	4	0	0	-1	0	0	0	-1	1	0	0	-1	3	0	0	-1	2	0	0	-1	0	0	0	-1	5	0	0	-1	0	0	0	-1	4	0	0	-1	0	0	0	-1	1	0	0	-1	2	0	0	-1	5	0	0	-1	4	0	0	-1	0	0	0	-1	5	0	0	-1	0	0	0	-1	2	0	0	-1	1	0	0	-1	2	0	0	-1	3	0	0	-1	5	0	-1	-1	2	0	-1	-1	3	0	-1	-1	1	0	0	-1	4	0	0	-1	2	0	0	-1	1	0	0	-1	3	0	0	-1	3	0	0	-1	1	0	0	-1	1	0	-1	-1	5	0	-1	-1	1	0	-1	-1	0	0	-1	-1	4	0	-1	-1	5	0	0	-1	5	0	0	-1	4	0	0	-1	5	0	0	-1	1	0	0	-1	5	0	0	-1	5	0	0	-1	2	0	0	-1	0	0	0	-1	3	0	-1	-1	3	0	-1	-1	0	0	0	-1	2	0	0	-1	2	0	0	-1	5	0	0	-1	5	0	0	-1	3	0	0	-1	0	0	0	-1	4	0	-1	-1	2	0	-1	-1	5	0	-1	-1	4	0	-1	-1	4	0	0	-1	3	0	0	-1	0	0	0	-1	1	0	0	-1	
0	20200	5-1-6-1
2	0	-1	-1	5	0	-1	-1	5	0	-1	-1	1	1	-1	-1	3	0	-1	-1	3	0	-1	-1	5	0	-1	-1	2	0	-1	-1	4	0	-1	-1	1	0	-1	-1	2	0	-1	-1	3	0	-1	-1	4	0	-1	-1	5	0	-1	-1	4	0	-1	-1	1	0	-1	-1	5	0	-1	-1	5	0	-1	-1	3	0	-1	-1	0	0	-1	-1	1	0	-1	-1	1	0	-1	-1	3	0	-1	-1	3	0	-1	-1	5	0	-1	-1	3	0	-1	-1	4	0	-1	-1	3	0	-1	-1	0	0	-1	-1	3	0	-1	-1	3	0	-1	-1	2	0	-1	-1	4	0	-1	-1	2	0	-1	-1	5	0	-1	-1	2	0	-1	-1	1	0	-1	-1	0	0	-1	-1	3	0	-1	-1	0	0	-1	-1	5	0	-1	-1	5	0	-1	-1	1	0	-1	-1	3	0	-1	-1	2	0	-1	-1	0	0	-1	-1	1	0	-1	-1	5	0	-1	-1	1	0	-1	-1	1	0	-1	-1	2	0	-1	-1	1	0	-1	-1	4	0	-1	-1	0	0	-1	-1	3	0	-1	-1	5	0	-1	-1	3	0	-1	-1	5	0	-1	-1	4	0	-1	-1	2	0	-1	-1	2	0	-1	-1	5	0	-1	-1	2	0	-1	-1	5	0	-1	-1	1	0	-1	-1	1	0	-1	-1	5	0	-1	-1	2	0	-1	-1	0	0	-1	-1	1	0	-1	-1	0	0	-1	-1	2	0	-1	-1	3	0	-1	-1	5	0	-1	-1	0	0	-1	-1	5	0	0	-1	3	1	-1	-1	2	0	0	-1	4	0	0	-1	2	0	0	-1	1	0	0	-1	4	0	0	-1	4	0	0	-1	0	0	0	-1	1	0	0	-1	3	0	0	-1	2	0	0	-1	0	0	0	-1	5	0	0	-1	0	0	0	-1	4	0	0	-1	0	0	0	-1	1	0	0	-1	2	0	0	-1	5	0	0	-1	4	0	0	-1	0	0	0	-1	5	0	0	-1	0	0	0	-1	2	0	0	-1	1	0	0	-1	2	0	0	-1	3	0	0	-1	5	0	-1	-1	2	0	-1	-1	3	0	-1	-1	1	0	0	-1	4	0	0	-1	2	0	0	-1	1	0	0	-1	3	0	0	-1	3	0	0	-1	1	0	0	-1	1	0	-1	-1	5	0	-1	-1	1	0	-1	-1	0	0	-1	-1	4	0	-1	-1	5	0	0	-1	5	0	0	-1	4	0	0	-1	5	0	0	-1	1	0	0	-1	5	0	0	-1	5	0	0	-1	2	0	0	-1	0	0	0	-1	3	0	-1	-1	3	0	-1	-1	0	0	0	-1	2	0	0	-1	2	0	0	-1	5	0	0	-1	5	0	0	-1	3	0	0	-1	0	0	0	-1	4	0	-1	-1	2	0	-1	-1	5	0	-1	-1	4	0	-1	-1	4	0	0	-1	3	0	0	-1	0	0	0	-1	1	0	0	-1	
0	20800	10-2-10-1
2	0	-1	-1	5	0	-1	-1	2	0	-1	-1	3	0	-1	-1	5	0	-1	-1	3	0	-1	-1	5	0	-1	-1	2	0	-1	-1	4	0	-1	-1	1	0	-1	-1	2	0	-1	-1	3	0	-1	-1	4	0	-1	-1	5	0	-1	-1	5	0	-1	-1	4	0	-1	-1	3	0	-1	-1	5	0	-1	-1	3	0	-1	-1	0	0	-1	-1	1	0	-1	-1	1	0	-1	-1	3	0	-1	-1	3	0	-1	-1	5	0	-1	-1	3	0	-1	-1	4	0	-1	-1	3	0	-1	-1	5	0	-1	-1	3	0	-1	-1	3	0	-1	-1	2	0	-1	-1	4	0	-1	-1	2	0	-1	-1	5	0	-1	-1	2	0	-1	-1	1	0	-1	-1	0	0	-1	-1	4	0	-1	-1	0	0	-1	-1	0	0	-1	-1	5	0	-1	-1	1	0	-1	-1	3	0	-1	-1	2	0	-1	-1	0	0	-1	-1	1	0	-1	-1	5	0	-1	-1	1	0	-1	-1	1	0	-1	-1	3	0	-1	-1	1	0	-1	-1	5	0	-1	-1	0	0	-1	-1	3	0	-1	-1	5	0	-1	-1	3	0	-1	-1	5	0	-1	-1	4	0	-1	-1	2	0	-1	-1	2	0	-1	-1	5	0	-1	-1	2	0	-1	-1	2	0	-1	-1	4	0	-1	-1	1	0	-1	-1	5	0	-1	-1	2	0	-1	-1	0	0	-1	-1	1	0	-1	-1	0	0	-1	-1	2	0	-1	-1	3	0	-1	-1	5	0	-1	-1	2	0	-1	-1	4	0	-1	-1	1	0	-1	-1	2	0	0	-1	4	0	0	-1	2	0	0	-1	1	0	0	-1	4	0	0	-1	4	0	0	-1	0	0	0	-1	1	0	0	-1	3	0	0	-1	0	0	0	-1	1	0	-1	-1	3	1	0	-1	0	0	0	-1	4	0	0	-1	0	0	0	-1	1	0	0	-1	2	0	0	-1	5	0	0	-1	4	0	0	-1	0	0	0	-1	5	0	0	-1	2	0	0	-1	1	0	-1	-1	5	0	0	-1	2	0	0	-1	3	0	0	-1	5	0	-1	-1	2	0	-1	-1	3	0	-1	-1	1	0	0	-1	4	0	0	-1	2	0	0	-1	1	0	0	-1	0	0	0	-1	3	0	-1	-1	1	0	0	-1	1	0	-1	-1	5	0	-1	-1	1	0	-1	-1	0	0	-1	-1	4	0	-1	-1	5	0	0	-1	5	0	0	-1	4	0	0	-1	1	0	0	-1	3	0	-1	-1	0	0	-1	-1	1	0	-1	-1	2	0	0	-1	0	0	0	-1	3	0	-1	-1	3	0	-1	-1	0	0	0	-1	2	0	0	-1	2	0	0	-1	5	0	0	-1	5	0	0	-1	3	0	0	-1	1	3	-1	-1	4	0	-1	-1	2	0	-1	-1	5	0	-1	-1	4	0	-1	-1	4	0	0	-1	3	0	0	-1	0	0	0	-1	1	0	0	-1	
0	59800	8-3-9-3
2	0	-1	-1	5	0	-1	-1	1	0	-1	-1	3	0	-1	-1	5	0	-1	-1	1	0	-1	-1	0	0	-1	-1	1	0	-1	-1	4	0	-1	-1	1	0	-1	-1	2	0	-1	-1	3	0	-1	-1	4	0	-1	-1	5	0	-1	-1	5	0	-1	-1	3	0	-1	-1	5	0	-1	-1	2	0	-1	-1	5	0	-1	-1	2	0	-1	-1	1	0	-1	-1	1	0	-1	-1	3	0	-1	-1	3	0	-1	-1	5	0	-1	-1	3	0	-1	-1	4	0	-1	-1	4	0	-1	-1	2	0	-1	-1	0	0	-1	-1	5	0	-1	-1	0	0	-1	-1	4	0	-1	-1	2	0	-1	-1	5	0	-1	-1	2	0	-1	-1	1	0	-1	-1	0	0	-1	-1	4	0	-1	-1	3	2	-1	-1	5	0	-1	-1	1	0	-1	-1	3	0	-1	-1	2	0	-1	-1	2	0	-1	-1	0	0	-1	-1	1	0	-1	-1	5	0	-1	-1	1	0	-1	-1	1	0	-1	-1	3	0	-1	-1	0	0	-1	-1	5	0	-1	-1	4	0	-1	-1	1	0	-1	-1	5	0	-1	-1	3	0	-1	-1	5	0	-1	-1	4	0	-1	-1	2	0	-1	-1	2	0	-1	-1	5	0	-1	-1	2	0	-1	-1	1	0	-1	-1	0	0	-1	-1	3	0	-1	-1	3	0	-1	-1	2	0	-1	-1	0	0	-1	-1	1	0	-1	-1	0	0	-1	-1	2	0	-1	-1	3	0	-1	-1	5	0	-1	-1	2	0	-1	-1	2	0	-1	-1	4	0	-1	-1	3	0	0	-1	4	0	0	-1	2	0	0	-1	1	0	0	-1	4	0	0	-1	4	0	0	-1	0	0	0	-1	1	0	0	-1	3	0	0	-1	0	0	0	-1	4	0	-1	-1	1	0	0	-1	5	0	0	-1	4	0	0	-1	0	0	0	-1	1	0	0	-1	2	0	0	-1	5	0	0	-1	4	0	0	-1	0	0	0	-1	5	0	0	-1	2	0	0	-1	1	0	-1	-1	3	1	0	-1	0	0	0	-1	3	0	0	-1	5	0	-1	-1	2	0	-1	-1	3	0	-1	-1	1	0	0	-1	4	0	0	-1	2	0	0	-1	1	0	0	-1	0	0	0	-1	3	0	-1	-1	5	0	-1	-1	1	0	-1	-1	5	0	-1	-1	1	0	-1	-1	0	0	-1	-1	4	0	-1	-1	5	0	0	-1	5	0	0	-1	4	0	0	-1	1	0	0	-1	3	0	-1	-1	0	0	-1	-1	1	0	-1	-1	2	0	-1	-1	0	0	0	-1	3	0	-1	-1	3	0	-1	-1	0	0	0	-1	2	0	0	-1	2	0	0	-1	5	0	0	-1	5	0	0	-1	3	0	0	-1	1	3	-1	-1	4	0	-1	-1	0	0	-1	-1	5	0	-1	-1	4	0	-1	-1	4	0	0	-1	3	0	0	-1	0	0	0	-1	1	0	0	-1	
0	78200	3-3-2-3
5	0	-1	-1	0	0	-1	-1	4	0	-1	-1	5	0	-1	-1	2	0	-1	-1	3	0	-1	-1	0	0	-1	-1	0	0	-1	-1	5	0	-1	-1	3	0	-1	-1	0	0	-1	-1	5	0	-1	-1	0	0	-1	-1	5	0	-1	-1	4	0	-1	-1	0	0	-1	-1	1	0	-1	-1	5	0	-1	-1	1	0	-1	-1	1	0	-1	-1	3	0	-1	-1	4	0	-1	-1	5	0	-1	-1	3	0	-1	-1	2	0	-1	-1	5	0	-1	-1	5	0	-1	-1	1	0	-1	-1	1	0	-1	-1	2	0	-1	-1	5	0	-1	-1	2	0	-1	-1	2	0	-1	-1	3	0	-1	-1	4	0	-1	-1	2	0	-1	-1	4	0	-1	-1	1	0	-1	-1	3	0	-1	-1	0	0	-1	-1	2	0	-1	-1	1	0	-1	-1	0	0	-1	-1	0	0	-1	-1	4	0	-1	-1	1	0	-1	-1	5	0	-1	-1	5	0	-1	-1	5	0	-1	-1	0	1	-1	-1	2	0	-1	-1	0	0	-1	-1	5	0	-1	-1	0	0	-1	-1	5	0	-1	-1	2	0	-1	-1	4	0	-1	-1	2	0	-1	-1	4	0	-1	-1	2	0	-1	-1	1	0	-1	-1	0	0	-1	-1	5	0	-1	-1	4	0	-1	-1	0	0	-1	-1	1	0	-1	-1	5	0	-1	-1	5	0	-1	-1	2	0	-1	-1	0	0	-1	-1	0	0	-1	-1	2	0	-1	-1	2	0	-1	-1	4	0	-1	-1	4	0	-1	-1	0	0	-1	-1	1	0	-1	-1	4	0	-1	-1	1	0	0	-1	2	0	0	-1	0	0	0	-1	5	0	0	-1	4	0	0	-1	0	0	0	-1	1	0	0	-1	4	0	-1	1	4	0	-1	-1	1	0	-1	-1	4	0	-1	0	5	0	0	-1	4	0	0	-1	2	0	0	-1	1	0	0	-1	1	0	0	-1	5	0	0	-1	4	0	0	-1	0	0	0	-1	5	0	-1	3	2	0	0	-1	4	0	-1	-1	3	0	-1	2	0	0	0	-1	4	0	-1	-1	0	0	-1	-1	1	0	-1	-1	4	0	-1	-1	1	0	0	-1	4	0	0	-1	2	0	0	-1	5	0	-1	1	0	0	0	-1	1	0	-1	-1	2	0	-1	-1	1	0	-1	-1	5	0	-1	-1	5	0	-1	-1	2	0	-1	-1	2	0	-1	-1	5	0	0	-1	5	0	0	-1	4	0	0	-1	0	0	-1	3	2	0	-1	-1	0	0	-1	-1	1	0	-1	-1	2	0	-1	-1	0	0	0	-1	1	0	-1	-1	0	0	-1	-1	4	0	0	-1	2	0	0	-1	2	0	0	-1	5	0	0	-1	5	0	0	-1	0	0	-1	-1	1	3	-1	-1	4	0	-1	-1	0	0	-1	-1	5	0	-1	-1	4	0	-1	-1	4	0	0	-1	0	0	-1	-1	0	0	0	-1	1	0	0	-1	
0	158500	10-3-10-4
5	0	-1	-1	0	0	-1	-1	1	0	-1	-1	0	0	-1	-1	5	0	-1	-1	3	0	-1	-1	0	0	-1	-1	0	0	-1	-1	5	0	-1	-1	3	0	-1	-1	0	0	-1	-1	5	0	-1	-1	0	0	-1	-1	5	0	-1	-1	2	0	-1	-1	3	0	-1	-1	5	0	-1	-1	5	0	-1	-1	1	0	-1	-1	1	0	-1	-1	3	0	-1	-1	4	0	-1	-1	5	0	-1	-1	3	0	-1	-1	2	0	-1	-1	5	0	-1	-1	4	0	-1	-1	3	0	-1	-1	2	0	-1	-1	2	0	-1	-1	5	0	-1	-1	2	0	-1	-1	2	0	-1	-1	3	0	-1	-1	4	0	-1	-1	2	0	-1	-1	4	0	-1	-1	1	0	-1	-1	4	0	-1	-1	5	0	-1	-1	1	0	-1	-1	1	0	-1	-1	0	0	-1	-1	0	0	-1	-1	4	0	-1	-1	1	0	-1	-1	5	0	-1	-1	5	0	-1	-1	5	0	-1	-1	0	1	-1	-1	5	0	-1	-1	0	0	-1	-1	1	0	-1	-1	0	0	-1	-1	5	0	-1	-1	2	0	-1	-1	4	0	-1	-1	2	0	-1	-1	4	0	-1	-1	2	0	-1	-1	1	0	-1	-1	0	0	-1	-1	3	0	-1	-1	1	0	-1	-1	2	0	-1	-1	1	0	-1	-1	5	0	-1	-1	5	0	-1	-1	2	0	-1	-1	0	0	-1	-1	0	0	-1	-1	2	0	-1	-1	2	0	-1	-1	4	0	-1	-1	2	0	-1	-1	0	0	-1	-1	5	0	-1	-1	4	0	-1	-1	1	0	0	-1	2	0	0	-1	0	0	0	-1	5	0	0	-1	4	0	0	-1	0	0	0	-1	1	0	0	-1	4	0	-1	1	5	0	-1	-1	0	0	-1	-1	0	0	-1	0	5	0	0	-1	4	0	0	-1	2	0	0	-1	1	0	0	-1	1	0	0	-1	5	0	0	-1	4	0	0	-1	0	0	0	-1	5	0	-1	3	4	0	0	-1	4	0	-1	-1	1	0	-1	2	0	0	0	-1	4	0	-1	-1	0	0	-1	-1	1	0	-1	-1	4	0	-1	-1	1	0	0	-1	4	0	0	-1	2	0	0	-1	5	0	-1	1	4	0	0	-1	0	0	-1	-1	4	0	-1	-1	1	0	-1	-1	5	0	-1	-1	5	0	-1	-1	2	0	-1	-1	2	0	-1	-1	5	0	0	-1	5	0	0	-1	4	0	0	-1	0	0	-1	3	2	0	-1	-1	1	0	-1	-1	3	0	-1	-1	2	0	-1	-1	0	0	0	-1	1	0	-1	-1	0	0	-1	-1	4	0	0	-1	2	0	0	-1	2	0	0	-1	5	0	0	-1	5	0	0	-1	0	0	-1	-1	4	0	-1	-1	2	0	-1	-1	0	0	-1	-1	5	0	-1	-1	4	0	-1	-1	4	0	0	-1	0	0	-1	-1	0	0	0	-1	1	0	0	-1	
0	162100	8-5-7-5
5	0	-1	-1	0	0	-1	-1	1	0	-1	-1	0	0	-1	-1	3	0	-1	-1	2	0	-1	-1	1	0	-1	-1	4	0	-1	-1	5	0	-1	-1	3	0	-1	-1	0	0	-1	-1	5	0	-1	-1	0	0	-1	-1	5	0	-1	-1	2	0	-1	-1	0	0	-1	-1	1	0	-1	-1	4	0	-1	-1	0	0	-1	-1	1	0	-1	-1	3	0	-1	-1	4	0	-1	-1	5	0	-1	-1	3	0	-1	-1	2	0	-1	-1	5	0	-1	-1	4	0	-1	-1	3	0	-1	-1	5	0	-1	-1	3	0	-1	-1	1	0	-1	-1	2	0	-1	-1	2	0	-1	-1	3	0	-1	-1	4	0	-1	-1	2	0	-1	-1	4	0	-1	-1	1	0	-1	-1	4	0	-1	-1	3	0	-1	-1	2	0	-1	-1	2	0	-1	-1	0	0	-1	-1	0	0	-1	-1	4	0	-1	-1	1	0	-1	-1	5	0	-1	-1	5	0	-1	-1	5	0	-1	-1	0	1	-1	-1	5	0	-1	-1	5	0	-1	-1	1	0	-1	-1	1	0	-1	-1	5	0	-1	-1	2	0	-1	-1	4	0	-1	-1	2	0	-1	-1	4	0	-1	-1	2	0	-1	-1	1	0	-1	-1	0	0	-1	-1	3	0	-1	-1	0	0	-1	-1	1	0	-1	-1	0	0	-1	-1	5	0	-1	-1	5	0	-1	-1	2	0	-1	-1	0	0	-1	-1	0	0	-1	-1	2	0	-1	-1	2	0	-1	-1	4	0	-1	-1	2	0	-1	-1	1	0	-1	-1	2	0	-1	-1	1	0	-1	-1	1	0	0	-1	2	0	0	-1	0	0	0	-1	5	0	0	-1	4	0	0	-1	0	0	0	-1	1	0	0	-1	4	0	-1	1	5	0	-1	-1	0	0	-1	-1	5	0	-1	0	4	0	-1	1	4	0	0	-1	2	0	0	-1	1	0	0	-1	1	0	0	-1	5	0	0	-1	4	0	0	-1	0	0	0	-1	5	0	-1	3	4	0	0	-1	4	0	-1	-1	1	0	-1	2	5	0	0	-1	4	0	-1	-1	0	0	-1	-1	1	0	-1	-1	4	0	-1	-1	1	0	0	-1	4	0	0	-1	2	0	0	-1	5	0	-1	1	4	0	0	-1	0	0	-1	-1	4	0	-1	-1	1	0	-1	-1	5	0	-1	-1	5	0	-1	-1	2	0	-1	-1	2	0	-1	-1	5	0	0	-1	5	0	0	-1	4	0	0	-1	0	0	-1	3	2	0	-1	-1	1	0	-1	-1	3	0	-1	-1	2	0	-1	-1	0	0	0	-1	1	0	-1	-1	0	0	-1	-1	4	0	0	-1	2	0	0	-1	2	0	0	-1	5	0	0	-1	5	0	0	-1	0	0	-1	-1	4	0	-1	-1	2	0	-1	-1	0	0	-1	-1	5	0	-1	-1	4	0	-1	-1	4	0	0	-1	0	0	-1	-1	0	0	0	-1	1	0	0	-1	
0	168100	8-4-9-4
5	0	-1	-1	0	0	-1	-1	2	0	-1	-1	2	0	-1	-1	0	0	-1	-1	2	0	-1	-1	4	0	-1	-1	4	0	-1	-1	5	0	-1	-1	3	0	-1	-1	0	0	-1	-1	5	0	-1	-1	0	0	-1	-1	5	0	-1	-1	1	0	-1	-1	0	0	-1	-1	1	0	-1	-1	2	0	-1	-1	1	0	-1	-1	1	0	-1	-1	3	0	-1	-1	4	0	-1	-1	5	0	-1	-1	3	0	-1	-1	2	0	-1	-1	5	0	-1	-1	2	0	-1	-1	0	0	-1	-1	3	0	-1	-1	4	0	-1	-1	0	0	-1	-1	2	0	-1	-1	2	0	-1	-1	3	0	-1	-1	4	0	-1	-1	2	0	-1	-1	4	0	-1	-1	1	0	-1	-1	4	0	-1	-1	3	0	-1	-1	1	0	-1	-1	3	0	-1	-1	1	0	-1	-1	0	0	-1	-1	4	0	-1	-1	1	0	-1	-1	5	0	-1	-1	5	0	-1	-1	5	0	-1	-1	0	1	-1	-1	4	0	-1	-1	3	0	-1	-1	5	0	-1	-1	2	0	-1	-1	0	0	-1	-1	2	0	-1	-1	4	0	-1	-1	2	0	-1	-1	4	0	-1	-1	2	0	-1	-1	1	0	-1	-1	0	0	-1	-1	5	0	-1	-1	5	0	-1	-1	2	0	-1	-1	1	0	-1	-1	5	0	-1	-1	5	0	-1	-1	2	0	-1	-1	0	0	-1	-1	0	0	-1	-1	2	0	-1	-1	2	0	-1	-1	4	0	-1	-1	3	0	-1	-1	0	0	-1	-1	1	0	-1	-1	0	0	-1	-1	5	0	-1	-1	2	0	0	-1	0	0	0	-1	5	0	0	-1	4	0	0	-1	0	0	0	-1	1	0	0	-1	4	0	-1	1	2	0	-1	-1	1	0	-1	-1	2	0	-1	0	4	0	-1	1	4	0	0	-1	2	0	0	-1	1	0	0	-1	1	0	0	-1	5	0	0	-1	4	0	0	-1	0	0	0	-1	5	0	-1	3	5	0	-1	-1	0	0	-1	-1	5	0	-1	2	5	0	0	-1	4	0	-1	-1	0	0	-1	-1	1	0	-1	-1	4	0	-1	-1	1	0	0	-1	4	0	0	-1	2	0	0	-1	5	0	-1	1	4	0	0	-1	0	0	-1	-1	1	0	-1	-1	1	0	-1	-1	5	0	-1	-1	5	0	-1	-1	2	0	-1	-1	2	0	-1	-1	5	0	0	-1	5	0	0	-1	4	0	0	-1	0	0	-1	3	2	0	-1	-1	1	0	-1	-1	3	0	-1	-1	2	0	-1	-1	0	0	0	-1	1	0	-1	-1	0	0	-1	-1	4	0	0	-1	2	0	0	-1	2	0	0	-1	5	0	0	-1	5	0	0	-1	0	0	-1	-1	4	0	-1	-1	2	0	-1	-1	0	0	-1	-1	5	0	-1	-1	4	0	-1	-1	4	0	0	-1	0	0	-1	-1	0	0	0	-1	1	0	0	-1	
0	174100	8-10-7-10
5	0	-1	-1	0	0	-1	-1	2	0	-1	-1	2	0	-1	-1	0	0	-1	-1	2	0	-1	-1	4	0	-1	-1	1	0	-1	-1	1	0	-1	-1	5	0	-1	-1	5	0	-1	-1	4	0	-1	-1	0	0	-1	-1	5	0	-1	-1	1	0	-1	-1	0	0	-1	-1	1	0	-1	-1	2	0	-1	-1	1	0	-1	-1	4	0	-1	-1	5	0	-1	-1	3	0	-1	-1	2	0	-1	-1	5	0	-1	-1	2	0	-1	-1	5	0	-1	-1	2	0	-1	-1	0	0	-1	-1	3	0	-1	-1	4	0	-1	-1	0	0	-1	-1	1	0	-1	-1	5	0	-1	-1	5	0	-1	-1	0	0	-1	-1	3	0	-1	-1	4	0	-1	-1	1	0	-1	-1	4	0	-1	-1	3	0	-1	-1	1	0	-1	-1	3	0	-1	-1	1	0	-1	-1	2	0	-1	-1	3	0	-1	-1	3	0	-1	-1	5	0	-1	-1	2	0	-1	-1	5	0	-1	-1	0	1	-1	-1	4	0	-1	-1	3	0	-1	-1	5	0	-1	-1	2	0	-1	-1	0	0	-1	-1	0	0	-1	-1	2	0	-1	-1	4	0	-1	-1	4	0	-1	-1	5	0	-1	-1	1	0	-1	-1	0	0	-1	-1	5	0	-1	-1	5	0	-1	-1	2	0	-1	-1	1	0	-1	-1	5	0	-1	-1	2	0	-1	-1	4	0	-1	-1	3	0	-1	-1	5	0	-1	-1	2	0	-1	-1	2	0	-1	-1	4	0	-1	-1	3	0	-1	-1	0	0	-1	-1	1	0	-1	-1	0	0	-1	-1	5	0	-1	-1	5	0	-1	-1	4	0	-1	-1	1	0	-1	-1	4	0	-1	-1	2	0	-1	-1	1	0	0	-1	4	0	-1	1	2	0	-1	-1	1	0	-1	-1	2	0	-1	0	4	0	-1	1	4	0	0	-1	2	0	0	-1	0	0	-1	-1	5	0	-1	-1	4	0	-1	0	4	0	0	-1	0	0	0	-1	5	0	-1	3	5	0	-1	-1	0	0	-1	-1	5	0	-1	2	5	0	0	-1	4	0	-1	-1	0	0	-1	-1	1	0	-1	-1	4	0	-1	-1	5	0	0	-1	4	0	0	-1	2	0	0	-1	5	0	-1	1	4	0	0	-1	0	0	-1	-1	1	0	-1	-1	1	0	-1	-1	5	0	-1	-1	5	0	-1	-1	2	0	-1	-1	2	0	-1	-1	5	0	0	-1	5	0	0	-1	4	0	0	-1	0	0	-1	3	2	0	-1	-1	1	0	-1	-1	3	0	-1	-1	2	0	-1	-1	0	0	0	-1	1	0	-1	-1	0	0	-1	-1	4	0	0	-1	2	0	0	-1	2	0	0	-1	5	0	0	-1	5	0	0	-1	0	0	-1	-1	4	0	-1	-1	2	0	-1	-1	0	0	-1	-1	5	0	-1	-1	4	0	-1	-1	4	0	0	-1	0	0	-1	-1	0	0	0	-1	1	0	0	-1	
0	177700	7-10-8-10
5	0	-1	-1	0	0	-1	-1	2	0	-1	-1	2	0	-1	-1	0	0	-1	-1	2	0	-1	-1	4	0	-1	-1	3	0	-1	-1	4	0	-1	-1	4	0	-1	-1	0	0	-1	-1	3	0	-1	-1	0	0	-1	-1	5	0	-1	-1	1	0	-1	-1	0	0	-1	-1	1	0	-1	-1	2	0	-1	-1	1	0	-1	-1	4	0	-1	-1	0	0	-1	-1	4	0	-1	-1	5	0	-1	-1	2	0	-1	-1	2	0	-1	-1	5	0	-1	-1	2	0	-1	-1	0	0	-1	-1	3	0	-1	-1	4	0	-1	-1	0	0	-1	-1	1	0	-1	-1	0	0	-1	-1	5	0	-1	-1	0	0	-1	-1	5	0	-1	-1	4	0	-1	-1	1	0	-1	-1	4	0	-1	-1	3	0	-1	-1	1	0	-1	-1	3	0	-1	-1	1	0	-1	-1	2	0	-1	-1	5	0	-1	-1	3	0	-1	-1	2	0	-1	-1	3	0	-1	-1	5	0	-1	-1	0	1	-1	-1	4	0	-1	-1	3	0	-1	-1	5	0	-1	-1	2	0	-1	-1	0	0	-1	-1	0	0	-1	-1	3	0	-1	-1	5	0	-1	-1	0	0	-1	-1	2	0	-1	-1	1	0	-1	-1	0	0	-1	-1	5	0	-1	-1	5	0	-1	-1	2	0	-1	-1	1	0	-1	-1	5	0	-1	-1	2	0	-1	-1	2	0	-1	-1	3	0	-1	-1	5	0	-1	-1	5	0	-1	-1	2	0	-1	-1	4	0	-1	-1	3	0	-1	-1	0	0	-1	-1	1	0	-1	-1	0	0	-1	-1	5	0	-1	-1	5	0	-1	-1	4	0	-1	-1	3	0	-1	-1	5	0	-1	-1	2	0	-1	-1	1	0	0	-1	4	0	-1	1	2	0	-1	-1	1	0	-1	-1	2	0	-1	0	4	0	-1	1	4	0	0	-1	2	0	0	-1	0	0	-1	-1	1	0	-1	-1	4	0	-1	0	2	0	0	-1	0	0	0	-1	5	0	-1	3	5	0	-1	-1	0	0	-1	-1	5	0	-1	2	5	0	0	-1	4	0	-1	-1	0	0	-1	-1	1	0	-1	-1	5	0	-1	-1	5	0	-1	2	4	0	-1	3	2	0	0	-1	5	0	-1	1	4	0	0	-1	0	0	-1	-1	1	0	-1	-1	1	0	-1	-1	5	0	-1	-1	5	0	-1	-1	2	0	-1	-1	2	0	-1	-1	5	0	0	-1	5	0	0	-1	4	0	0	-1	0	0	-1	3	2	0	-1	-1	1	0	-1	-1	3	0	-1	-1	2	0	-1	-1	0	0	0	-1	1	0	-1	-1	0	0	-1	-1	4	0	0	-1	2	0	0	-1	2	0	0	-1	5	0	0	-1	5	0	0	-1	0	0	-1	-1	4	0	-1	-1	2	0	-1	-1	0	0	-1	-1	5	0	-1	-1	4	0	-1	-1	4	0	0	-1	0	0	-1	-1	0	0	0	-1	1	0	0	-1	
0	187300	9-6-8-6
5	0	-1	-1	0	0	-1	-1	5	0	-1	-1	2	0	-1	-1	1	0	-1	-1	1	0	-1	-1	0	0	-1	-1	5	0	-1	-1	4	0	-1	-1	4	0	-1	-1	0	0	-1	-1	3	0	-1	-1	0	0	-1	-1	5	0	-1	-1	2	0	-1	-1	3	0	-1	-1	5	0	-1	-1	5	0	-1	-1	0	0	-1	-1	3	0	-1	-1	0	0	-1	-1	4	0	-1	-1	5	0	-1	-1	2	0	-1	-1	2	0	-1	-1	5	0	-1	-1	1	0	-1	-1	2	0	-1	-1	5	0	-1	-1	2	0	-1	-1	1	0	-1	-1	1	0	-1	-1	0	0	-1	-1	5	0	-1	-1	0	0	-1	-1	5	0	-1	-1	4	0	-1	-1	1	0	-1	-1	2	0	-1	-1	0	0	-1	-1	0	0	-1	-1	2	0	-1	-1	0	0	-1	-1	2	0	-1	-1	5	0	-1	-1	3	0	-1	-1	2	0	-1	-1	3	0	-1	-1	5	0	-1	-1	0	1	-1	-1	4	0	-1	-1	0	0	-1	-1	1	0	-1	-1	4	0	-1	-1	1	0	-1	-1	0	0	-1	-1	3	0	-1	-1	5	0	-1	-1	0	0	-1	-1	2	0	-1	-1	1	0	-1	-1	0	0	-1	-1	4	0	-1	-1	3	0	-1	-1	1	0	-1	-1	2	0	-1	-1	0	0	-1	-1	2	0	-1	-1	2	0	-1	-1	3	0	-1	-1	5	0	-1	-1	5	0	-1	-1	2	0	-1	-1	4	0	-1	-1	3	0	-1	-1	0	0	-1	-1	2	0	-1	-1	1	0	-1	-1	5	0	-1	-1	5	0	-1	-1	4	0	-1	-1	3	0	-1	-1	5	0	-1	-1	2	0	-1	-1	1	0	0	-1	4	0	-1	1	2	0	-1	-1	1	0	-1	-1	1	0	-1	0	0	0	-1	1	5	0	0	-1	2	0	0	-1	0	0	-1	-1	1	0	-1	-1	4	0	-1	0	2	0	0	-1	0	0	0	-1	5	0	-1	3	5	0	-1	-1	0	0	-1	-1	2	0	-1	2	4	0	-1	-1	4	0	-1	-1	0	0	-1	-1	1	0	-1	-1	5	0	-1	-1	5	0	-1	2	4	0	-1	3	2	0	0	-1	5	0	-1	1	4	0	0	-1	0	0	-1	-1	1	0	-1	-1	1	0	-1	-1	4	0	-1	-1	5	0	-1	-1	2	0	-1	-1	2	0	-1	-1	5	0	0	-1	5	0	0	-1	4	0	0	-1	0	0	-1	3	2	0	-1	-1	1	0	-1	-1	3	0	-1	-1	2	0	-1	-1	0	0	0	-1	1	0	-1	-1	0	0	-1	-1	4	0	0	-1	2	0	0	-1	2	0	0	-1	5	0	0	-1	5	0	0	-1	0	0	-1	-1	4	0	-1	-1	2	0	-1	-1	0	0	-1	-1	5	0	-1	-1	4	0	-1	-1	4	0	0	-1	0	0	-1	-1	0	0	0	-1	1	0	0	-1	
1	197300	5-2-5-1
5	0	-1	-1	0	0	-1	-1	5	0	-1	-1	2	0	-1	-1	1	0	-1	-1	1	0	-1	-1	0	0	-1	-1	5	0	-1	-1	4	0	-1	-1	4	0	-1	-1	0	0	-1	-1	3	0	-1	-1	0	0	-1	-1	2	0	-1	-1	2	0	-1	-1	3	0	-1	-1	5	0	-1	-1	5	0	-1	-1	0	0	-1	-1	3	0	-1	-1	0	0	-1	-1	4	0	-1	-1	5	0	-1	-1	2	0	-1	-1	2	0	-1	-1	1	0	-1	-1	1	0	-1	-1	2	0	-1	-1	5	0	-1	-1	2	0	-1	-1	1	0	-1	-1	1	0	-1	-1	0	0	-1	-1	5	0	-1	-1	0	0	-1	-1	5	0	-1	-1	4	0	-1	-1	0	0	-1	-1	2	0	-1	-1	0	0	-1	-1	0	0	-1	-1	2	0	-1	-1	0	0	-1	-1	2	0	-1	-1	5	0	-1	-1	3	0	-1	-1	2	0	-1	-1	3	0	-1	-1	5	0	-1	-1	5	0	-1	-1	4	0	-1	-1	0	0	-1	-1	1	0	-1	-1	4	0	-1	-1	1	0	-1	-1	0	0	-1	-1	3	0	-1	-1	5	0	-1	-1	0	0	-1	-1	2	0	-1	-1	1	0	-1	-1	5	0	-1	-1	0	0	-1	-1	3	0	-1	-1	1	0	-1	-1	2	0	-1	-1	0	0	-1	-1	2	0	-1	-1	2	0	-1	-1	3	0	-1	-1	5	0	-1	-1	5	0	-1	-1	2	0	-1	-1	1	0	-1	-1	3	0	-1	-1	0	0	-1	-1	2	0	-1	-1	1	0	-1	-1	5	0	-1	-1	5	0	-1	-1	4	0	-1	-1	3	0	-1	-1	5	0	-1	-1	2	0	-1	-1	1	0	0	-1	0	1	-1	1	2	0	-1	-1	1	0	-1	-1	1	0	-1	0	0	0	-1	1	5	0	0	-1	2	0	0	-1	0	0	-1	-1	1	0	-1	-1	4	0	-1	0	2	0	0	-1	0	0	0	-1	5	0	-1	3	5	0	-1	-1	0	0	-1	-1	2	0	-1	2	4	0	-1	-1	4	0	-1	-1	0	0	-1	-1	1	0	-1	-1	5	0	-1	-1	5	0	-1	2	4	0	-1	3	2	0	0	-1	5	0	-1	1	4	0	0	-1	0	0	-1	-1	1	0	-1	-1	1	0	-1	-1	4	0	-1	-1	5	0	-1	-1	2	0	-1	-1	2	0	-1	-1	5	0	0	-1	5	0	0	-1	4	0	0	-1	0	0	-1	3	2	0	-1	-1	1	0	-1	-1	3	0	-1	-1	2	0	-1	-1	0	0	0	-1	1	0	-1	-1	0	0	-1	-1	4	0	0	-1	2	0	0	-1	2	0	0	-1	5	0	0	-1	5	0	0	-1	0	0	-1	-1	4	0	-1	-1	2	0	-1	-1	0	0	-1	-1	5	0	-1	-1	4	0	-1	-1	4	0	0	-1	0	0	-1	-1	0	0	0	-1	1	0	0	-1	
1	198500	6-1-6-0
3	0	-1	-1	0	0	-1	-1	5	0	-1	-1	2	0	-1	-1	1	0	-1	-1	1	0	-1	-1	0	0	-1	-1	5	0	-1	-1	4	0	-1	-1	4	0	-1	-1	0	0	-1	-1	3	0	-1	-1	5	0	-1	-1	2	0	-1	-1	2	0	-1	-1	3	0	-1	-1	5	0	-1	-1	5	0	-1	-1	0	0	-1	-1	3	0	-1	-1	0	0	-1	-1	4	0	-1	-1	5	0	-1	-1	2	0	-1	-1	3	0	-1	-1	1	0	-1	-1	1	0	-1	-1	2	0	-1	-1	5	0	-1	-1	2	0	-1	-1	1	0	-1	-1	1	0	-1	-1	0	0	-1	-1	5	0	-1	-1	0	0	-1	-1	5	0	-1	-1	5	0	-1	-1	0	0	-1	-1	2	0	-1	-1	0	0	-1	-1	0	0	-1	-1	2	0	-1	-1	0	0	-1	-1	2	0	-1	-1	5	0	-1	-1	3	0	-1	-1	2	0	-1	-1	3	0	-1	-1	0	0	-1	-1	5	0	-1	-1	4	0	-1	-1	0	0	-1	-1	1	0	-1	-1	4	0	-1	-1	1	0	-1	-1	0	0	-1	-1	3	0	-1	-1	5	0	-1	-1	0	0	-1	-1	2	0	-1	-1	2	0	-1	-1	5	0	-1	-1	0	0	-1	-1	3	0	-1	-1	1	0	-1	-1	2	0	-1	-1	0	0	-1	-1	2	0	-1	-1	2	0	-1	-1	3	0	-1	-1	5	0	-1	-1	5	0	-1	-1	4	0	-1	-1	2	0	-1	-1	3	0	-1	-1	0	0	-1	-1	2	0	-1	-1	1	0	-1	-1	5	0	-1	-1	5	0	-1	-1	4	0	-1	-1	3	0	-1	-1	5	0	-1	-1	2	0	-1	-1	5	0	-1	0	0	1	-1	1	2	0	-1	-1	1	0	-1	-1	1	0	-1	0	0	0	-1	1	5	0	0	-1	2	0	0	-1	0	0	-1	-1	1	0	-1	-1	4	0	-1	0	2	0	0	-1	0	0	0	-1	5	0	-1	3	5	0	-1	-1	0	0	-1	-1	2	0	-1	2	4	0	-1	-1	4	0	-1	-1	0	0	-1	-1	1	0	-1	-1	5	0	-1	-1	5	0	-1	2	4	0	-1	3	2	0	0	-1	5	0	-1	1	4	0	0	-1	0	0	-1	-1	1	0	-1	-1	1	0	-1	-1	4	0	-1	-1	5	0	-1	-1	2	0	-1	-1	2	0	-1	-1	5	0	0	-1	5	0	0	-1	4	0	0	-1	0	0	-1	3	2	0	-1	-1	1	0	-1	-1	3	0	-1	-1	2	0	-1	-1	0	0	0	-1	1	0	-1	-1	0	0	-1	-1	4	0	0	-1	2	0	0	-1	2	0	0	-1	5	0	0	-1	5	0	0	-1	0	0	-1	-1	4	0	-1	-1	2	0	-1	-1	0	0	-1	-1	5	0	-1	-1	4	0	-1	-1	4	0	0	-1	0	0	-1	-1	0	0	0	-1	1	0	0	-1	
1	199700	7-0-8-0
5	0	-1	-1	1	0	-1	-1	0	0	-1	-1	0	0	-1	-1	1	0	-1	-1	1	0	-1	-1	0	0	-1	-1	5	0	-1	-1	4	0	-1	-1	4	0	-1	-1	0	0	-1	-1	3	0	-1	-1	3	0	-1	-1	4	0	-1	-1	4	0	-1	-1	2	0	-1	-1	5	0	-1	-1	5	0	-1	-1	0	0	-1	-1	3	0	-1	-1	0	0	-1	-1	4	0	-1	-1	5	0	-1	-1	2	0	-1	-1	5	0	-1	-1	0	0	-1	-1	5	0	-1	-1	3	0	-1	-1	5	0	-1	-1	2	0	-1	-1	1	0	-1	-1	1	0	-1	-1	0	0	-1	-1	5	0	-1	-1	0	0	-1	-1	5	0	-1	-1	3	0	-1	-1	1	0	-1	-1	1	0	-1	-1	0	0	-1	-1	0	0	-1	-1	2	0	-1	-1	0	0	-1	-1	2	0	-1	-1	5	0	-1	-1	3	0	-1	-1	2	0	-1	-1	3	0	-1	-1	5	0	-1	-1	0	0	-1	-1	2	0	-1	-1	0	0	-1	-1	1	0	-1	-1	4	0	-1	-1	1	0	-1	-1	0	0	-1	-1	3	0	-1	-1	5	0	-1	-1	0	0	-1	-1	2	0	-1	-1	0	0	-1	-1	5	0	-1	-1	4	0	-1	-1	3	0	-1	-1	1	0	-1	-1	2	0	-1	-1	0	0	-1	-1	2	0	-1	-1	2	0	-1	-1	3	0	-1	-1	5	0	-1	-1	5	0	-1	-1	2	0	-1	-1	5	0	-1	-1	0	0	-1	-1	0	0	-1	-1	2	0	-1	-1	1	0	-1	-1	5	0	-1	-1	5	0	-1	-1	4	0	-1	-1	3	0	-1	-1	5	0	-1	-1	2	0	-1	-1	4	0	-1	0	2	0	-1	1	3	0	-1	-1	1	0	-1	-1	1	0	-1	0	0	0	-1	1	5	0	0	-1	2	0	0	-1	0	0	-1	-1	1	0	-1	-1	4	0	-1	0	2	0	0	-1	0	0	-1	-1	0	1	-1	3	2	0	-1	-1	0	0	-1	-1	2	0	-1	2	4	0	-1	-1	4	0	-1	-1	0	0	-1	-1	1	0	-1	-1	5	0	-1	-1	5	0	-1	2	4	0	-1	3	2	0	0	-1	5	0	-1	1	4	0	0	-1	0	0	-1	-1	1	0	-1	-1	1	0	-1	-1	4	0	-1	-1	5	0	-1	-1	2	0	-1	-1	2	0	-1	-1	5	0	0	-1	5	0	0	-1	4	0	0	-1	0	0	-1	3	2	0	-1	-1	1	0	-1	-1	3	0	-1	-1	2	0	-1	-1	0	0	0	-1	1	0	-1	-1	0	0	-1	-1	4	0	0	-1	2	0	0	-1	2	0	0	-1	5	0	0	-1	5	0	0	-1	0	0	-1	-1	4	0	-1	-1	2	0	-1	-1	0	0	-1	-1	5	0	-1	-1	4	0	-1	-1	4	0	0	-1	0	0	-1	-1	0	0	0	-1	1	0	0	-1	
2	205500	8-3-8-2
1	0	-1	-1	4	0	-1	-1	5	0	-1	-1	4	0	-1	-1	2	0	-1	-1	2	0	-1	-1	3	0	-1	-1	5	0	-1	-1	1	0	-1	-1	5	0	-1	-1	4	0	-1	-1	2	0	-1	-1	5	0	-1	-1	1	0	-1	-1	0	0	-1	-1	0	0	-1	-1	1	0	-1	-1	1	0	-1	-1	0	0	-1	-1	5	0	-1	-1	4	0	-1	-1	4	0	-1	-1	0	0	-1	-1	3	0	-1	-1	3	0	-1	-1	4	0	-1	-1	4	0	-1	-1	2	0	-1	-1	5	0	-1	-1	5	0	-1	-1	0	0	-1	-1	3	0	-1	-1	0	0	-1	-1	4	0	-1	-1	5	0	-1	-1	2	0	-1	-1	5	0	-1	-1	0	0	-1	-1	5	0	-1	-1	3	0	-1	-1	5	0	-1	-1	2	0	-1	-1	1	0	-1	-1	1	0	-1	-1	0	0	-1	-1	5	0	-1	-1	0	0	-1	-1	5	0	-1	-1	3	0	-1	-1	1	0	-1	-1	1	0	-1	-1	0	0	-1	-1	0	0	-1	-1	2	0	-1	-1	0	0	-1	-1	2	0	-1	-1	5	0	-1	-1	3	0	-1	-1	2	0	-1	-1	3	0	-1	-1	5	0	-1	-1	0	0	-1	-1	2	0	-1	-1	0	0	-1	-1	1	0	-1	-1	4	0	-1	-1	1	0	-1	-1	0	0	-1	-1	3	0	-1	-1	5	0	-1	-1	0	0	-1	-1	2	0	-1	-1	0	0	-1	-1	5	0	-1	-1	4	0	-1	-1	3	0	-1	-1	1	0	-1	-1	2	0	-1	-1	0	0	-1	-1	2	0	-1	-1	2	0	-1	-1	3	0	-1	-1	5	0	-1	-1	5	0	-1	-1	2	0	-1	0	5	0	-1	1	0	0	-1	-1	0	0	-1	-1	2	0	-1	0	1	0	-1	1	5	0	0	-1	5	0	0	-1	4	0	-1	-1	3	0	-1	-1	5	0	-1	0	2	0	0	-1	4	0	-1	-1	2	0	-1	3	3	0	-1	-1	1	0	-1	-1	1	0	-1	2	0	0	-1	-1	5	0	-1	-1	2	0	-1	-1	0	0	-1	-1	1	0	-1	-1	4	0	-1	2	2	0	-1	3	2	0	0	-1	5	0	-1	1	4	0	0	-1	0	0	-1	-1	1	0	-1	-1	1	0	-1	-1	4	0	-1	-1	5	0	-1	-1	2	0	-1	-1	2	0	-1	-1	5	0	0	-1	5	0	0	-1	4	0	0	-1	0	0	-1	3	2	0	-1	-1	1	0	-1	-1	3	0	-1	-1	2	0	-1	-1	0	0	0	-1	1	0	-1	-1	0	0	-1	-1	4	0	0	-1	2	0	0	-1	2	0	0	-1	5	0	0	-1	5	0	0	-1	0	0	-1	-1	4	0	-1	-1	2	0	-1	-1	0	0	-1	-1	5	0	-1	-1	4	0	-1	-1	4	0	0	-1	0	0	-1	-1	0	0	0	-1	1	0	0	-1	
2	208300	5-11-6-11
1	0	-1	-1	4	0	-1	-1	5	0	-1	-1	4	0	-1	-1	2	0	-1	-1	2	0	-1	-1	3	0	-1	-1	5	0	-1	-1	1	0	-1	-1	5	0	-1	-1	4	0	-1	-1	3	0	-1	-1	5	0	-1	-1	1	0	-1	-1	0	0	-1	-1	0	0	-1	-1	1	0	-1	-1	1	0	-1	-1	0	0	-1	-1	5	0	-1	-1	4	0	-1	-1	4	0	-1	-1	0	0	-1	-1	0	0	-1	-1	3	0	-1	-1	4	0	-1	-1	4	0	-1	-1	2	0	-1	-1	5	0	-1	-1	5	0	-1	-1	0	0	-1	-1	3	0	-1	-1	0	0	-1	-1	4	0	-1	-1	5	0	-1	-1	2	0	-1	-1	5	0	-1	-1	0	0	-1	-1	5	0	-1	-1	3	0	-1	-1	5	0	-1	-1	2	0	-1	-1	1	0	-1	-1	1	0	-1	-1	0	0	-1	-1	5	0	-1	-1	0	0	-1	-1	2	0	-1	-1	3	0	-1	-1	1	0	-1	-1	1	0	-1	-1	0	0	-1	-1	0	0	-1	-1	2	0	-1	-1	0	0	-1	-1	2	0	-1	-1	5	0	-1	-1	3	0	-1	-1	2	0	-1	-1	3	0	-1	-1	5	0	-1	-1	0	0	-1	-1	2	0	-1	-1	0	0	-1	-1	1	0	-1	-1	4	0	-1	-1	1	0	-1	-1	0	0	-1	-1	3	0	-1	-1	5	0	-1	-1	0	0	-1	-1	2	0	-1	-1	0	0	-1	-1	5	0	-1	-1	4	0	-1	-1	3	0	-1	-1	1	0	-1	-1	2	0	-1	-1	0	0	-1	-1	2	0	-1	-1	2	0	-1	-1	3	0	-1	-1	5	0	-1	-1	5	0	-1	-1	2	0	-1	0	5	0	-1	1	0	0	-1	-1	0	0	-1	-1	2	0	-1	0	1	0	-1	1	5	0	0	-1	5	0	0	-1	4	0	-1	-1	3	0	-1	-1	5	0	-1	0	3	0	-1	-1	4	0	-1	-1	2	0	-1	3	3	0	-1	-1	1	0	-1	-1	1	0	-1	2	0	0	-1	-1	5	0	-1	-1	2	0	-1	-1	0	0	-1	-1	1	0	-1	-1	4	0	-1	2	5	0	-1	3	2	0	0	-1	5	0	-1	1	4	0	0	-1	0	0	-1	-1	1	0	-1	-1	1	0	-1	-1	4	0	-1	-1	5	0	-1	-1	2	0	-1	-1	2	0	-1	-1	5	0	0	-1	5	0	0	-1	4	0	0	-1	0	0	-1	3	2	0	-1	-1	1	0	-1	-1	3	0	-1	-1	2	0	-1	-1	0	0	0	-1	1	0	-1	-1	0	0	-1	-1	4	0	0	-1	2	0	0	-1	2	0	0	-1	5	0	0	-1	5	0	0	-1	0	0	-1	-1	4	0	-1	-1	2	0	-1	-1	0	0	-1	-1	5	0	-1	-1	4	0	-1	-1	4	0	0	-1	0	0	-1	-1	0	0	0	-1	1	0	0	-1	
3	217500	7-5-7-4
1	0	-1	-1	4	0	-1	-1	5	0	-1	-1	4	0	-1	-1	1	0	-1	-1	2	0	-1	-1	3	0	-1	-1	5	0	-1	-1	1	0	-1	-1	5	0	-1	-1	4	0	-1	-1	3	0	-1	-1	5	0	-1	-1	1	0	-1	-1	0	0	-1	-1	0	0	-1	-1	3	0	-1	-1	1	0	-1	-1	0	0	-1	-1	5	0	-1	-1	4	0	-1	-1	4	0	-1	-1	0	0	-1	-1	0	0	-1	-1	3	0	-1	-1	4	0	-1	-1	4	0	-1	-1	2	0	-1	-1	3	0	-1	-1	5	0	-1	-1	0	0	-1	-1	3	0	-1	-1	0	0	-1	-1	4	0	-1	-1	5	0	-1	-1	2	0	-1	-1	5	0	-1	-1	0	0	-1	-1	5	0	-1	-1	3	0	-1	-1	4	0	-1	-1	2	0	-1	-1	1	0	-1	-1	1	0	-1	-1	0	0	-1	-1	5	0	-1	-1	0	0	-1	-1	2	0	-1	-1	3	0	-1	-1	1	0	-1	-1	1	0	-1	-1	0	0	-1	-1	2	0	-1	-1	2	0	-1	-1	0	0	-1	-1	2	0	-1	-1	5	0	-1	-1	3	0	-1	-1	2	0	-1	-1	3	0	-1	-1	5	0	-1	-1	0	0	-1	-1	2	0	-1	-1	0	0	-1	-1	1	0	-1	-1	4	0	-1	-1	1	0	-1	-1	0	0	-1	-1	3	0	-1	-1	5	0	-1	-1	0	0	-1	-1	2	0	-1	-1	0	0	-1	-1	5	0	-1	-1	4	0	-1	-1	3	0	-1	-1	5	0	-1	-1	2	0	-1	-1	0	0	-1	-1	2	0	-1	-1	2	0	-1	-1	3	0	-1	-1	5	0	-1	-1	5	0	-1	-1	2	0	-1	0	5	0	-1	1	0	0	-1	-1	0	0	-1	-1	5	0	-1	0	2	0	-1	1	5	0	0	-1	5	0	0	-1	4	0	-1	-1	3	0	-1	-1	5	0	-1	0	3	0	-1	-1	4	0	-1	-1	2	0	-1	3	3	0	-1	-1	1	0	-1	-1	0	0	-1	2	0	0	-1	-1	5	0	-1	-1	2	0	-1	-1	0	0	-1	-1	1	0	-1	-1	4	0	-1	2	5	0	-1	3	2	0	0	-1	5	0	-1	1	4	0	0	-1	0	0	-1	-1	1	2	-1	-1	1	0	-1	-1	4	0	-1	-1	5	0	-1	-1	2	0	-1	-1	2	0	-1	-1	5	0	0	-1	5	0	0	-1	4	0	0	-1	0	0	-1	3	2	0	-1	-1	1	0	-1	-1	3	0	-1	-1	2	0	-1	-1	0	0	0	-1	1	0	-1	-1	0	0	-1	-1	4	0	0	-1	2	0	0	-1	2	0	0	-1	5	0	0	-1	5	0	0	-1	0	0	-1	-1	4	0	-1	-1	2	0	-1	-1	0	0	-1	-1	5	0	-1	-1	4	0	-1	-1	4	0	0	-1	0	0	-1	-1	0	0	0	-1	1	0	0	-1	
3	220000	8-3-9-3
1	0	-1	-1	0	0	-1	-1	5	0	-1	-1	4	0	-1	-1	4	0	-1	-1	0	0	-1	-1	3	0	-1	-1	0	0	-1	-1	4	0	-1	-1	4	0	-1	-1	1	0	-1	-1	0	0	-1	-1	5	0	-1	-1	3	0	-1	-1	0	0	-1	-1	1	0	-1	-1	3	0	-1	-1	2	0	-1	-1	5	0	-1	-1	4	0	-1	-1	3	0	-1	-1	4	0	-1	-1	4	0	-1	-1	0	0	-1	-1	3	0	-1	-1	2	0	-1	-1	3	0	-1	-1	5	0	-1	-1	3	0	-1	-1	3	0	-1	-1	5	0	-1	-1	0	0	-1	-1	1	0	-1	-1	0	0	-1	-1	4	0	-1	-1	5	0	-1	-1	5	0	-1	-1	2	0	-1	-1	4	0	-1	-1	2	0	-1	-1	5	0	-1	-1	2	0	-1	-1	4	0	-1	-1	5	0	-1	-1	5	0	-1	-1	1	0	-1	-1	3	0	-1	-1	5	0	-1	-1	3	0	-1	-1	4	0	-1	-1	0	0	-1	-1	3	0	-1	-1	4	0	-1	-1	4	0	-1	-1	5	0	-1	-1	5	0	-1	-1	4	0	-1	-1	2	0	-1	-1	2	0	-1	-1	0	0	-1	-1	5	0	-1	-1	0	0	-1	-1	5	0	-1	-1	0	0	-1	-1	3	0	-1	-1	1	0	-1	-1	3	0	-1	-1	3	0	-1	-1	0	0	-1	-1	5	0	-1	-1	3	0	-1	-1	3	0	-1	-1	0	0	-1	-1	5	0	-1	-1	4	0	-1	-1	3	0	-1	-1	4	0	-1	-1	2	0	-1	-1	0	1	-1	-1	2	0	-1	-1	0	1	-1	-1	1	0	-1	-1	4	0	-1	-1	2	0	-1	-1	2	0	-1	0	5	0	-1	1	0	0	-1	-1	0	0	-1	-1	2	0	-1	0	5	0	-1	1	5	0	0	-1	0	0	0	-1	3	0	-1	-1	4	0	-1	-1	0	0	-1	0	3	0	-1	-1	4	0	-1	-1	2	0	-1	3	3	0	-1	-1	0	0	-1	-1	5	0	-1	2	2	0	-1	-1	5	0	-1	-1	2	0	-1	-1	2	0	-1	-1	5	0	-1	-1	0	0	-1	2	2	0	-1	3	2	0	0	-1	5	0	-1	1	4	0	0	-1	3	0	-1	-1	5	0	-1	-1	2	0	-1	-1	4	0	-1	-1	5	0	-1	-1	0	0	-1	-1	4	0	-1	-1	5	0	-1	-1	3	0	-1	-1	4	0	0	-1	0	0	-1	3	2	0	-1	-1	0	0	-1	-1	3	0	-1	-1	4	0	-1	-1	0	0	0	-1	5	0	-1	-1	0	0	-1	-1	4	0	0	-1	2	0	0	-1	5	0	0	-1	5	0	0	-1	5	0	0	-1	0	0	-1	-1	4	0	-1	-1	2	0	-1	-1	0	0	-1	-1	5	0	-1	-1	4	0	-1	-1	4	0	0	-1	0	0	-1	-1	0	0	0	-1	2	0	-1	-1	
3	312400	10-2-11-2
1	0	-1	-1	2	0	-1	-1	5	0	-1	-1	2	0	-1	-1	4	0	-1	-1	0	0	-1	-1	3	0	-1	-1	0	0	-1	-1	4	0	-1	-1	4	0	-1	-1	1	0	-1	-1	0	0	-1	-1	5	0	-1	-1	0	0	-1	-1	5	0	-1	-1	4	0	-1	-1	3	0	-1	-1	2	0	-1	-1	5	0	-1	-1	4	0	-1	-1	3	0	-1	-1	4	0	-1	-1	4	0	-1	-1	0	0	-1	-1	3	0	-1	-1	3	0	-1	-1	0	0	-1	-1	1	0	-1	-1	3	0	-1	-1	3	0	-1	-1	5	0	-1	-1	0	0	-1	-1	1	0	-1	-1	0	0	-1	-1	4	0	-1	-1	5	0	-1	-1	5	0	-1	-1	2	0	-1	-1	3	0	-1	-1	5	0	-1	-1	5	0	-1	-1	2	0	-1	-1	4	0	-1	-1	5	0	-1	-1	5	0	-1	-1	1	0	-1	-1	3	0	-1	-1	5	0	-1	-1	3	0	-1	-1	2	0	-1	-1	4	0	-1	-1	2	0	-1	-1	4	0	-1	-1	4	0	-1	-1	5	0	-1	-1	5	0	-1	-1	4	0	-1	-1	2	0	-1	-1	2	0	-1	-1	0	0	-1	-1	5	0	-1	-1	4	0	-1	-1	0	0	-1	-1	3	0	-1	-1	3	0	-1	-1	1	0	-1	-1	3	0	-1	-1	3	0	-1	-1	0	0	-1	-1	5	0	-1	-1	3	0	-1	-1	3	0	-1	-1	0	0	-1	-1	0	0	-1	-1	5	0	-1	-1	0	0	-1	-1	4	0	-1	-1	2	0	-1	-1	0	1	-1	-1	2	0	-1	-1	0	1	-1	-1	1	0	-1	-1	4	0	-1	-1	2	0	-1	-1	2	0	-1	0	5	0	-1	1	4	0	-1	-1	3	0	-1	-1	2	0	-1	0	5	0	-1	1	5	0	0	-1	0	0	0	-1	3	0	-1	-1	4	0	-1	-1	0	0	-1	0	3	0	-1	-1	4	0	-1	-1	5	0	-1	3	0	0	-1	-1	0	0	-1	-1	5	0	-1	2	2	0	-1	-1	5	0	-1	-1	2	0	-1	-1	2	0	-1	-1	5	0	-1	-1	0	0	-1	2	2	0	-1	3	2	0	0	-1	2	0	-1	1	3	0	0	-1	0	0	-1	-1	5	0	-1	-1	2	0	-1	-1	4	0	-1	-1	5	0	-1	-1	0	0	-1	-1	4	0	-1	-1	5	0	-1	-1	3	0	-1	-1	4	0	0	-1	5	0	-1	3	4	0	-1	-1	3	0	-1	-1	3	0	-1	-1	4	0	-1	-1	0	0	0	-1	5	0	-1	-1	0	0	-1	-1	4	0	0	-1	2	0	0	-1	5	0	0	-1	5	0	0	-1	5	0	0	-1	2	0	-1	-1	4	0	-1	-1	2	0	-1	-1	0	0	-1	-1	5	0	-1	-1	4	0	-1	-1	4	0	0	-1	0	0	-1	-1	0	0	0	-1	2	0	-1	-1	
3	313000	9-1-10-1
1	0	-1	-1	2	0	-1	-1	5	0	-1	-1	2	0	-1	-1	4	0	-1	-1	0	0	-1	-1	3	0	-1	-1	0	0	-1	-1	4	0	-1	-1	4	0	-1	-1	1	0	-1	-1	0	0	-1	-1	5	0	-1	-1	4	0	-1	-1	5	0	-1	-1	4	0	-1	-1	3	0	-1	-1	2	0	-1	-1	5	0	-1	-1	4	0	-1	-1	3	0	-1	-1	4	0	-1	-1	4	0	-1	-1	0	0	-1	-1	3	0	-1	-1	0	0	-1	-1	0	0	-1	-1	1	0	-1	-1	3	0	-1	-1	3	0	-1	-1	5	0	-1	-1	0	0	-1	-1	1	0	-1	-1	0	0	-1	-1	4	0	-1	-1	5	0	-1	-1	5	0	-1	-1	2	0	-1	-1	3	0	-1	-1	5	0	-1	-1	5	0	-1	-1	2	0	-1	-1	4	0	-1	-1	5	0	-1	-1	5	0	-1	-1	1	0	-1	-1	3	0	-1	-1	5	0	-1	-1	3	0	-1	-1	0	0	-1	-1	4	0	-1	-1	2	0	-1	-1	4	0	-1	-1	4	0	-1	-1	5	0	-1	-1	5	0	-1	-1	4	0	-1	-1	2	0	-1	-1	2	0	-1	-1	0	0	-1	-1	5	0	-1	-1	3	0	-1	-1	0	0	-1	-1	3	0	-1	-1	3	0	-1	-1	1	0	-1	-1	3	0	-1	-1	3	0	-1	-1	0	0	-1	-1	5	0	-1	-1	3	0	-1	-1	3	0	-1	-1	0	0	-1	-1	2	0	-1	-1	5	0	-1	-1	0	0	-1	-1	4	0	-1	-1	2	0	-1	-1	0	1	-1	-1	2	0	-1	-1	0	1	-1	-1	1	0	-1	-1	4	0	-1	-1	2	0	-1	-1	2	0	-1	0	2	0	-1	1	4	0	-1	-1	3	0	-1	-1	2	0	-1	0	5	0	-1	1	5	0	0	-1	0	0	0	-1	3	0	-1	-1	4	0	-1	-1	0	0	-1	0	3	0	-1	-1	4	0	-1	-1	4	0	-1	3	0	0	-1	-1	0	0	-1	-1	5	0	-1	2	2	0	-1	-1	5	0	-1	-1	2	0	-1	-1	2	0	-1	-1	5	0	-1	-1	0	0	-1	2	2	0	-1	3	2	0	0	-1	0	0	-1	1	3	0	0	-1	0	0	-1	-1	5	0	-1	-1	2	0	-1	-1	4	0	-1	-1	5	0	-1	-1	0	0	-1	-1	4	0	-1	-1	5	0	-1	-1	3	0	-1	-1	4	0	0	-1	2	0	-1	3	4	0	-1	-1	3	0	-1	-1	3	0	-1	-1	4	0	-1	-1	0	0	0	-1	5	0	-1	-1	0	0	-1	-1	4	0	0	-1	2	0	0	-1	5	0	0	-1	5	0	0	-1	5	0	0	-1	2	0	-1	-1	4	0	-1	-1	2	0	-1	-1	0	0	-1	-1	5	0	-1	-1	4	0	-1	-1	4	0	0	-1	0	0	-1	-1	0	0	0	-1	2	0	-1	-1	
3	314200	9-2-10-2
1	0	-1	-1	4	0	-1	-1	3	0	-1	-1	0	0	-1	-1	4	0	-1	-1	0	0	-1	-1	3	0	-1	-1	0	0	-1	-1	4	0	-1	-1	4	0	-1	-1	1	0	-1	-1	0	0	-1	-1	1	0	-1	-1	2	0	-1	-1	2	0	-1	-1	5	0	-1	-1	4	0	-1	-1	2	0	-1	-1	5	0	-1	-1	4	0	-1	-1	3	0	-1	-1	4	0	-1	-1	4	0	-1	-1	0	0	-1	-1	5	0	-1	-1	1	0	-1	-1	1	0	-1	-1	2	0	-1	-1	3	0	-1	-1	3	0	-1	-1	5	0	-1	-1	0	0	-1	-1	1	0	-1	-1	0	0	-1	-1	4	0	-1	-1	5	0	-1	-1	3	0	-1	-1	4	0	-1	-1	5	0	-1	-1	4	0	-1	-1	3	0	-1	-1	2	0	-1	-1	4	0	-1	-1	5	0	-1	-1	5	0	-1	-1	1	0	-1	-1	3	0	-1	-1	5	0	-1	-1	5	0	-1	-1	2	0	-1	-1	5	0	-1	-1	1	0	-1	-1	5	0	-1	-1	4	0	-1	-1	5	0	-1	-1	5	0	-1	-1	4	0	-1	-1	2	0	-1	-1	2	0	-1	-1	0	0	-1	-1	3	0	-1	-1	2	0	-1	-1	0	0	-1	-1	5	0	-1	-1	4	0	-1	-1	1	0	-1	-1	3	0	-1	-1	3	0	-1	-1	0	0	-1	-1	5	0	-1	-1	3	0	-1	-1	3	0	-1	-1	5	0	-1	-1	4	0	-1	-1	3	0	-1	-1	2	0	-1	-1	3	0	-1	-1	2	0	-1	-1	0	1	-1	-1	2	0	-1	-1	0	1	-1	-1	1	0	-1	-1	4	0	-1	-1	2	0	-1	-1	0	0	-1	0	0	0	-1	1	4	0	-1	-1	3	0	-1	-1	4	0	-1	0	5	0	-1	1	5	0	0	-1	0	0	0	-1	3	0	-1	-1	4	0	-1	-1	0	0	-1	0	3	0	-1	-1	2	0	-1	-1	2	0	-1	3	0	0	-1	-1	0	0	-1	-1	2	0	-1	2	2	0	-1	-1	5	0	-1	-1	2	0	-1	-1	2	0	-1	-1	5	0	-1	-1	0	0	-1	2	2	0	-1	3	2	0	0	-1	0	0	-1	1	5	0	-1	-1	3	0	-1	-1	5	0	-1	-1	2	0	-1	-1	4	0	-1	-1	5	0	-1	-1	0	0	-1	-1	4	0	-1	-1	5	0	-1	-1	3	0	-1	-1	4	0	0	-1	3	0	-1	3	4	0	-1	-1	0	0	-1	-1	5	0	-1	-1	4	0	-1	-1	0	0	0	-1	5	0	-1	-1	0	0	-1	-1	4	0	0	-1	2	0	0	-1	5	0	0	-1	5	0	0	-1	5	0	0	-1	2	0	-1	-1	4	0	-1	-1	2	0	-1	-1	0	0	-1	-1	5	0	-1	-1	4	0	-1	-1	4	0	0	-1	0	0	-1	-1	0	0	0	-1	2	0	-1	-1	
3	322000	8-1-9-1
1	0	-1	-1	1	0	-1	-1	2	0	-1	-1	2	0	-1	-1	4	0	-1	-1	0	0	-1	-1	3	0	-1	-1	0	0	-1	-1	4	0	-1	-1	4	0	-1	-1	1	0	-1	-1	0	0	-1	-1	1	0	-1	-1	4	0	-1	-1	3	0	-1	-1	0	0	-1	-1	4	0	-1	-1	2	0	-1	-1	5	0	-1	-1	4	0	-1	-1	3	0	-1	-1	4	0	-1	-1	4	0	-1	-1	0	0	-1	-1	5	0	-1	-1	2	0	-1	-1	2	0	-1	-1	5	0	-1	-1	3	0	-1	-1	3	0	-1	-1	5	0	-1	-1	0	0	-1	-1	1	0	-1	-1	0	0	-1	-1	4	0	-1	-1	5	0	-1	-1	3	0	-1	-1	1	0	-1	-1	1	0	-1	-1	2	0	-1	-1	3	0	-1	-1	2	0	-1	-1	4	0	-1	-1	5	0	-1	-1	5	0	-1	-1	1	0	-1	-1	3	0	-1	-1	5	0	-1	-1	5	0	-1	-1	4	0	-1	-1	5	0	-1	-1	4	0	-1	-1	5	0	-1	-1	4	0	-1	-1	5	0	-1	-1	5	0	-1	-1	4	0	-1	-1	2	0	-1	-1	2	0	-1	-1	0	0	-1	-1	3	0	-1	-1	2	0	-1	-1	5	0	-1	-1	1	0	-1	-1	4	0	-1	-1	1	0	-1	-1	3	0	-1	-1	3	0	-1	-1	0	0	-1	-1	5	0	-1	-1	3	0	-1	-1	3	0	-1	-1	5	0	-1	-1	2	0	-1	-1	0	0	-1	-1	5	0	-1	-1	3	0	-1	-1	2	0	-1	-1	0	1	-1	-1	2	0	-1	-1	0	1	-1	-1	1	0	-1	-1	4	0	-1	-1	2	0	-1	-1	0	0	-1	0	4	0	-1	1	3	0	-1	-1	2	0	-1	-1	4	0	-1	0	5	0	-1	1	5	0	0	-1	0	0	0	-1	3	0	-1	-1	4	0	-1	-1	0	0	-1	0	3	0	-1	-1	2	0	-1	-1	0	0	-1	3	4	0	-1	-1	3	0	-1	-1	2	0	-1	2	2	0	-1	-1	5	0	-1	-1	2	0	-1	-1	2	0	-1	-1	5	0	-1	-1	0	0	-1	2	2	0	-1	3	2	0	0	-1	2	0	-1	1	5	0	-1	-1	3	0	-1	-1	5	0	-1	-1	2	0	-1	-1	4	0	-1	-1	5	0	-1	-1	0	0	-1	-1	4	0	-1	-1	5	0	-1	-1	3	0	-1	-1	4	0	0	-1	3	0	-1	3	4	0	-1	-1	0	0	-1	-1	5	0	-1	-1	4	0	-1	-1	0	0	0	-1	5	0	-1	-1	0	0	-1	-1	4	0	0	-1	2	0	0	-1	5	0	0	-1	5	0	0	-1	5	0	0	-1	2	0	-1	-1	4	0	-1	-1	2	0	-1	-1	0	0	-1	-1	5	0	-1	-1	4	0	-1	-1	4	0	0	-1	0	0	-1	-1	0	0	0	-1	2	0	-1	-1	
3	322600	7-3-7-2
1	0	-1	-1	1	0	-1	-1	5	0	-1	-1	4	0	-1	-1	3	0	-1	-1	0	0	-1	-1	3	0	-1	-1	0	0	-1	-1	4	0	-1	-1	4	0	-1	-1	1	0	-1	-1	0	0	-1	-1	1	0	-1	-1	4	0	-1	-1	2	0	-1	-1	2	0	-1	-1	4	0	-1	-1	2	0	-1	-1	5	0	-1	-1	4	0	-1	-1	3	0	-1	-1	4	0	-1	-1	4	0	-1	-1	0	0	-1	-1	5	0	-1	-1	2	0	-1	-1	3	0	-1	-1	2	0	-1	-1	4	0	-1	-1	3	0	-1	-1	5	0	-1	-1	0	0	-1	-1	1	0	-1	-1	0	0	-1	-1	4	0	-1	-1	5	0	-1	-1	3	0	-1	-1	1	0	-1	-1	2	0	-1	-1	1	0	-1	-1	3	0	-1	-1	2	0	-1	-1	4	0	-1	-1	5	0	-1	-1	5	0	-1	-1	1	0	-1	-1	3	0	-1	-1	5	0	-1	-1	5	0	-1	-1	4	0	-1	-1	1	0	-1	-1	2	0	-1	-1	3	0	-1	-1	4	0	-1	-1	5	0	-1	-1	5	0	-1	-1	4	0	-1	-1	2	0	-1	-1	2	0	-1	-1	0	0	-1	-1	3	0	-1	-1	2	0	-1	-1	5	0	-1	-1	0	0	-1	-1	5	0	-1	-1	1	0	-1	-1	3	0	-1	-1	3	0	-1	-1	0	0	-1	-1	5	0	-1	-1	3	0	-1	-1	3	0	-1	-1	5	0	-1	-1	2	0	-1	-1	5	0	-1	-1	5	0	-1	-1	4	0	-1	-1	2	0	-1	-1	0	1	-1	-1	2	0	-1	-1	0	1	-1	-1	1	0	-1	-1	4	0	-1	-1	2	0	-1	-1	0	0	-1	0	4	0	-1	1	0	0	-1	-1	2	0	-1	-1	3	0	-1	0	5	0	-1	1	5	0	0	-1	0	0	0	-1	3	0	-1	-1	4	0	-1	-1	0	0	-1	0	3	0	-1	-1	2	0	-1	-1	0	0	-1	3	2	0	-1	-1	4	0	-1	-1	4	0	-1	2	2	0	-1	-1	5	0	-1	-1	2	0	-1	-1	2	0	-1	-1	5	0	-1	-1	0	0	-1	2	2	0	-1	3	2	0	0	-1	2	0	-1	1	4	0	-1	-1	1	0	-1	-1	2	0	-1	-1	2	0	-1	-1	4	0	-1	-1	5	0	-1	-1	0	0	-1	-1	4	0	-1	-1	5	0	-1	-1	3	0	-1	-1	4	0	0	-1	3	0	-1	3	4	0	-1	-1	0	0	-1	-1	5	0	-1	-1	4	0	-1	-1	0	0	0	-1	5	0	-1	-1	0	0	-1	-1	4	0	0	-1	2	0	0	-1	5	0	0	-1	5	0	0	-1	5	0	0	-1	2	0	-1	-1	4	0	-1	-1	2	0	-1	-1	0	0	-1	-1	5	0	-1	-1	4	0	-1	-1	4	0	0	-1	0	0	-1	-1	0	0	0	-1	2	0	-1	-1	
3	325000	8-2-9-2
2	0	-1	-1	0	0	-1	-1	0	0	-1	-1	4	0	-1	-1	5	0	-1	-1	0	0	-1	-1	3	0	-1	-1	0	0	-1	-1	4	0	-1	-1	4	0	-1	-1	1	0	-1	-1	0	0	-1	-1	1	0	-1	-1	1	0	-1	-1	5	0	-1	-1	3	0	-1	-1	1	0	-1	-1	2	0	-1	-1	5	0	-1	-1	4	0	-1	-1	3	0	-1	-1	4	0	-1	-1	4	0	-1	-1	0	0	-1	-1	1	0	-1	-1	1	0	-1	-1	4	0	-1	-1	2	0	-1	-1	3	0	-1	-1	3	0	-1	-1	5	0	-1	-1	0	0	-1	-1	1	0	-1	-1	0	0	-1	-1	4	0	-1	-1	5	0	-1	-1	5	0	-1	-1	4	0	-1	-1	3	0	-1	-1	5	0	-1	-1	4	0	-1	-1	2	0	-1	-1	4	0	-1	-1	5	0	-1	-1	5	0	-1	-1	1	0	-1	-1	3	0	-1	-1	5	0	-1	-1	3	0	-1	-1	1	0	-1	-1	3	0	-1	-1	1	0	-1	-1	3	0	-1	-1	4	0	-1	-1	5	0	-1	-1	5	0	-1	-1	4	0	-1	-1	2	0	-1	-1	2	0	-1	-1	0	0	-1	-1	5	0	-1	-1	4	0	-1	-1	2	0	-1	-1	2	0	-1	-1	3	0	-1	-1	1	0	-1	-1	3	0	-1	-1	3	0	-1	-1	0	0	-1	-1	5	0	-1	-1	3	0	-1	-1	3	0	-1	-1	3	0	-1	-1	2	0	-1	-1	1	0	-1	-1	0	0	-1	-1	5	0	-1	-1	2	0	-1	-1	0	1	-1	-1	2	0	-1	-1	0	1	-1	-1	1	0	-1	-1	4	0	-1	-1	2	0	-1	-1	5	0	-1	0	2	0	-1	1	5	0	-1	-1	5	0	-1	-1	4	0	-1	0	5	0	-1	1	5	0	0	-1	0	0	0	-1	3	0	-1	-1	4	0	-1	-1	0	0	-1	0	3	0	-1	-1	0	0	-1	-1	4	0	-1	3	5	0	-1	-1	2	0	-1	-1	3	0	-1	2	2	0	-1	-1	5	0	-1	-1	2	0	-1	-1	2	0	-1	-1	5	0	-1	-1	0	0	-1	2	2	0	-1	3	2	0	-1	0	0	0	-1	1	0	0	-1	-1	1	0	-1	-1	2	0	-1	-1	2	0	-1	-1	4	0	-1	-1	5	0	-1	-1	0	0	-1	-1	4	0	-1	-1	5	0	-1	-1	3	0	-1	-1	4	0	0	-1	3	0	-1	3	4	0	-1	-1	0	0	-1	-1	5	0	-1	-1	4	0	-1	-1	0	0	0	-1	5	0	-1	-1	0	0	-1	-1	4	0	0	-1	2	0	0	-1	5	0	0	-1	5	0	0	-1	5	0	0	-1	2	0	-1	-1	4	0	-1	-1	2	0	-1	-1	0	0	-1	-1	5	0	-1	-1	4	0	-1	-1	4	0	0	-1	0	0	-1	-1	0	0	0	-1	2	0	-1	-1	
3	339400	-1--1--1--1
