Preamble
===============================================================================
t = gem type
bt = bonus type
i = ice layer
mp = medal portion
mu = medals uncovered
s = score
a = action
tmo = total moves
tme = total medals
r = row
c = columns
-------------------------------------------------------------------------------
tmo	tme	r	c
===============================================================================
20	3	9	9
-------------------------------------------------------------------------------

Key for state and progress information.
2 lines represent a state-action pair:
t	bt	i	mp	t	bt	i	mp	t	bt	i	mp	t	bt	i	mp	t	bt	i	mp	t	bt	i	mp	t	bt	i	mp	t	bt	i	mp	t	bt	i	mp	t	bt	i	mp	t	bt	i	mp	t	bt	i	mp	t	bt	i	mp	t	bt	i	mp	t	bt	i	mp	t	bt	i	mp	t	bt	i	mp	t	bt	i	mp	t	bt	i	mp	t	bt	i	mp	t	bt	i	mp	t	bt	i	mp	t	bt	i	mp	t	bt	i	mp	t	bt	i	mp	t	bt	i	mp	t	bt	i	mp	t	bt	i	mp	t	bt	i	mp	t	bt	i	mp	t	bt	i	mp	t	bt	i	mp	t	bt	i	mp	t	bt	i	mp	t	bt	i	mp	t	bt	i	mp	t	bt	i	mp	t	bt	i	mp	t	bt	i	mp	t	bt	i	mp	t	bt	i	mp	t	bt	i	mp	t	bt	i	mp	t	bt	i	mp	t	bt	i	mp	t	bt	i	mp	t	bt	i	mp	t	bt	i	mp	t	bt	i	mp	t	bt	i	mp	t	bt	i	mp	t	bt	i	mp	t	bt	i	mp	t	bt	i	mp	t	bt	i	mp	t	bt	i	mp	t	bt	i	mp	t	bt	i	mp	t	bt	i	mp	t	bt	i	mp	t	bt	i	mp	t	bt	i	mp	t	bt	i	mp	t	bt	i	mp	t	bt	i	mp	t	bt	i	mp	t	bt	i	mp	t	bt	i	mp	t	bt	i	mp	t	bt	i	mp	t	bt	i	mp	t	bt	i	mp	t	bt	i	mp	t	bt	i	mp	t	bt	i	mp	t	bt	i	mp	t	bt	i	mp	t	bt	i	mp	t	bt	i	mp	t	bt	i	mp	t	bt	i	mp	
===============================================================================
mu	s	a
===============================================================================

1	0	-1	-1	1	0	-1	-1	5	0	-1	-1	5	0	-1	-1	4	0	-1	-1	5	0	-1	-1	5	0	-1	-1	4	0	-1	-1	5	0	-1	-1	5	0	-1	-1	3	0	-1	-1	0	0	-1	-1	0	0	-1	-1	4	0	-1	-1	3	0	-1	-1	3	0	-1	-1	2	0	-1	-1	3	0	-1	-1	3	0	-1	-1	5	0	-1	-1	5	0	-1	-1	4	0	-1	-1	3	0	-1	-1	1	0	-1	-1	3	0	-1	-1	1	0	-1	-1	1	0	-1	-1	0	0	-1	-1	0	0	-1	-1	3	0	-1	-1	1	0	-1	-1	1	0	-1	-1	3	0	-1	-1	2	0	-1	-1	2	0	-1	-1	4	0	-1	-1	2	0	0	-1	4	0	0	-1	3	0	0	-1	1	0	0	-1	2	0	0	-1	5	0	0	-1	2	0	0	-1	1	0	0	-1	1	0	0	-1	1	0	0	-1	3	0	0	-1	1	0	0	-1	0	0	0	-1	5	0	0	-1	2	0	0	-1	0	0	0	-1	5	0	0	-1	5	0	0	-1	2	0	0	-1	0	0	0	-1	4	0	0	-1	5	0	0	-1	4	0	0	-1	0	0	0	-1	1	0	0	-1	4	0	0	-1	3	0	0	-1	3	0	0	-1	5	0	0	-1	3	0	0	-1	5	0	0	-1	5	0	0	-1	3	0	0	-1	1	0	0	-1	2	0	0	-1	4	0	0	-1	2	0	0	-1	0	0	0	-1	3	0	0	-1	4	0	0	-1	1	0	0	-1	1	0	0	-1	4	0	0	-1	2	0	0	-1	2	0	0	-1	
0	0	8-6-8-5
1	0	-1	-1	1	0	-1	-1	5	0	-1	-1	5	0	-1	-1	4	0	-1	-1	5	0	-1	-1	3	0	-1	-1	5	0	-1	-1	4	0	-1	-1	5	0	-1	-1	3	0	-1	-1	0	0	-1	-1	0	0	-1	-1	4	0	-1	-1	3	0	-1	-1	1	0	-1	-1	4	0	-1	-1	5	0	-1	-1	3	0	-1	-1	5	0	-1	-1	5	0	-1	-1	4	0	-1	-1	3	0	-1	-1	1	1	-1	-1	0	0	-1	-1	2	0	-1	-1	3	0	-1	-1	0	0	-1	-1	0	0	-1	-1	3	0	-1	-1	1	0	-1	-1	1	0	-1	-1	3	0	-1	-1	5	0	-1	-1	2	0	-1	-1	4	0	-1	-1	2	0	0	-1	4	0	0	-1	3	0	0	-1	1	0	0	-1	2	0	0	-1	5	0	0	-1	3	0	0	-1	1	0	0	-1	1	0	0	-1	1	0	0	-1	3	0	0	-1	1	0	0	-1	0	0	0	-1	5	0	0	-1	2	0	0	-1	3	0	0	-1	5	0	0	-1	5	0	0	-1	2	0	0	-1	0	0	0	-1	4	0	0	-1	5	0	0	-1	4	0	0	-1	0	0	0	-1	2	0	-1	-1	4	0	0	-1	3	0	0	-1	3	0	0	-1	5	0	0	-1	3	0	0	-1	5	0	0	-1	5	0	0	-1	3	0	0	-1	2	0	-1	0	2	0	0	-1	4	0	0	-1	2	0	0	-1	0	0	0	-1	3	0	0	-1	4	0	0	-1	1	0	0	-1	4	0	0	-1	0	0	-1	2	2	0	0	-1	2	0	0	-1	
0	2800	6-6-6-7
1	0	-1	-1	1	0	-1	-1	5	0	-1	-1	5	0	-1	-1	4	0	-1	-1	5	0	-1	-1	3	0	-1	-1	1	0	-1	-1	4	0	-1	-1	5	0	-1	-1	3	0	-1	-1	0	0	-1	-1	0	0	-1	-1	4	0	-1	-1	3	0	-1	-1	1	0	-1	-1	0	0	-1	-1	5	0	-1	-1	3	0	-1	-1	5	0	-1	-1	5	0	-1	-1	4	0	-1	-1	3	0	-1	-1	1	1	-1	-1	0	0	-1	-1	0	0	-1	-1	3	0	-1	-1	0	0	-1	-1	0	0	-1	-1	3	0	-1	-1	1	0	-1	-1	1	0	-1	-1	3	0	-1	-1	5	0	-1	-1	5	0	-1	-1	4	0	-1	-1	2	0	0	-1	4	0	0	-1	3	0	0	-1	1	0	0	-1	2	0	0	-1	5	0	0	-1	3	0	0	-1	4	0	0	-1	1	0	0	-1	1	0	0	-1	3	0	0	-1	1	0	0	-1	0	0	0	-1	5	0	0	-1	2	0	0	-1	3	0	0	-1	2	0	0	-1	5	0	0	-1	2	0	0	-1	0	0	0	-1	4	0	0	-1	5	0	0	-1	4	0	0	-1	0	0	0	-1	4	0	-1	-1	2	0	-1	-1	3	0	0	-1	3	0	0	-1	5	0	0	-1	3	0	0	-1	5	0	0	-1	5	0	0	-1	3	0	0	-1	2	0	-1	0	1	0	-1	-1	4	0	0	-1	2	0	0	-1	0	0	0	-1	3	0	0	-1	4	0	0	-1	1	0	0	-1	4	0	0	-1	0	0	-1	2	5	0	-1	-1	2	0	0	-1	
1	12000	2-5-2-4
1	0	-1	-1	1	0	-1	-1	5	0	-1	-1	5	0	-1	-1	4	0	-1	-1	3	0	-1	-1	5	0	-1	-1	4	0	-1	-1	4	0	-1	-1	5	0	-1	-1	3	0	-1	-1	0	0	-1	-1	0	0	-1	-1	4	0	-1	-1	0	0	-1	-1	3	0	-1	-1	1	0	-1	-1	5	0	-1	-1	3	0	-1	-1	5	0	-1	-1	5	0	-1	-1	4	0	-1	-1	1	1	-1	-1	5	0	-1	-1	1	0	-1	-1	0	0	-1	-1	3	0	-1	-1	0	0	-1	-1	0	0	-1	-1	3	0	-1	-1	1	0	-1	-1	1	0	-1	-1	2	0	-1	-1	0	0	-1	-1	0	0	-1	-1	4	0	-1	-1	2	0	0	-1	4	0	0	-1	3	0	0	-1	1	0	0	-1	2	0	0	-1	5	0	0	-1	3	0	0	-1	4	0	0	-1	1	0	0	-1	1	0	0	-1	3	0	0	-1	1	0	0	-1	0	0	0	-1	5	0	0	-1	2	0	0	-1	3	0	0	-1	2	0	0	-1	5	0	0	-1	2	0	0	-1	0	0	0	-1	4	0	0	-1	5	0	0	-1	4	0	0	-1	0	0	0	-1	4	0	-1	-1	2	0	-1	-1	3	0	0	-1	3	0	0	-1	5	0	0	-1	3	0	0	-1	5	0	0	-1	5	0	0	-1	3	0	0	-1	2	0	-1	0	1	0	-1	-1	4	0	0	-1	2	0	0	-1	0	0	0	-1	3	0	0	-1	4	0	0	-1	1	0	0	-1	4	0	0	-1	0	0	-1	2	5	0	-1	-1	2	0	0	-1	
1	14400	4-3-4-4
1	0	-1	-1	1	0	-1	-1	5	0	-1	-1	5	0	-1	-1	0	0	-1	-1	3	0	-1	-1	5	0	-1	-1	4	0	-1	-1	4	0	-1	-1	5	0	-1	-1	3	0	-1	-1	0	0	-1	-1	0	0	-1	-1	5	0	-1	-1	0	0	-1	-1	3	0	-1	-1	1	0	-1	-1	5	0	-1	-1	3	0	-1	-1	5	0	-1	-1	5	0	-1	-1	4	0	-1	-1	3	0	-1	-1	5	0	-1	-1	1	0	-1	-1	0	0	-1	-1	3	0	-1	-1	0	0	-1	-1	0	0	-1	-1	3	0	-1	-1	1	0	-1	-1	2	0	-1	-1	2	0	-1	-1	0	0	-1	-1	0	0	-1	-1	4	0	-1	-1	2	0	0	-1	4	0	0	-1	3	0	0	-1	2	0	0	-1	4	0	-1	-1	5	0	0	-1	3	0	0	-1	4	0	0	-1	1	0	0	-1	1	0	0	-1	3	0	0	-1	1	0	0	-1	0	0	0	-1	1	0	-1	-1	2	0	0	-1	3	0	0	-1	2	0	0	-1	5	0	0	-1	2	0	0	-1	0	0	0	-1	4	0	0	-1	5	0	0	-1	3	0	-1	-1	0	0	0	-1	4	0	-1	-1	2	0	-1	-1	3	0	0	-1	3	0	0	-1	5	0	0	-1	3	0	0	-1	5	0	0	-1	4	0	-1	0	3	0	0	-1	2	0	-1	0	1	0	-1	-1	4	0	0	-1	2	0	0	-1	0	0	0	-1	3	0	0	-1	4	0	0	-1	3	0	-1	2	4	0	0	-1	0	0	-1	2	5	0	-1	-1	2	0	0	-1	
1	25400	0-4-1-4
1	0	-1	-1	1	0	-1	-1	0	0	-1	-1	1	0	-1	-1	2	0	-1	-1	3	0	-1	-1	5	0	-1	-1	4	0	-1	-1	4	0	-1	-1	5	0	-1	-1	3	0	-1	-1	2	0	-1	-1	4	0	-1	-1	0	1	-1	-1	3	0	-1	-1	3	0	-1	-1	1	0	-1	-1	5	0	-1	-1	3	0	-1	-1	5	0	-1	-1	5	0	-1	-1	4	0	-1	-1	3	0	-1	-1	5	0	-1	-1	1	0	-1	-1	0	0	-1	-1	3	0	-1	-1	0	0	-1	-1	0	0	-1	-1	3	0	-1	-1	1	0	-1	-1	2	0	-1	-1	2	0	-1	-1	0	0	-1	-1	0	0	-1	-1	4	0	-1	-1	2	0	0	-1	4	0	0	-1	3	0	0	-1	2	0	0	-1	4	0	-1	-1	5	0	0	-1	3	0	0	-1	4	0	0	-1	1	0	0	-1	1	0	0	-1	3	0	0	-1	1	0	0	-1	0	0	0	-1	1	0	-1	-1	2	0	0	-1	3	0	0	-1	2	0	0	-1	5	0	0	-1	2	0	0	-1	0	0	0	-1	4	0	0	-1	5	0	0	-1	3	0	-1	-1	0	0	0	-1	4	0	-1	-1	2	0	-1	-1	3	0	0	-1	3	0	0	-1	5	0	0	-1	3	0	0	-1	5	0	0	-1	4	0	-1	0	3	0	0	-1	2	0	-1	0	1	0	-1	-1	4	0	0	-1	2	0	0	-1	0	0	0	-1	3	0	0	-1	4	0	0	-1	3	0	-1	2	4	0	0	-1	0	0	-1	2	5	0	-1	-1	2	0	0	-1	
1	27500	7-4-8-4
1	0	-1	-1	1	0	-1	-1	0	0	-1	-1	3	0	-1	-1	2	0	-1	-1	2	0	-1	-1	5	0	-1	-1	4	0	-1	-1	4	0	-1	-1	5	0	-1	-1	3	0	-1	-1	2	0	-1	-1	1	0	-1	-1	2	0	-1	-1	3	0	-1	-1	3	0	-1	-1	1	0	-1	-1	5	0	-1	-1	3	0	-1	-1	5	0	-1	-1	5	0	-1	-1	4	0	-1	-1	0	1	-1	-1	3	0	-1	-1	1	0	-1	-1	0	0	-1	-1	3	0	-1	-1	0	0	-1	-1	0	0	-1	-1	3	0	-1	-1	4	0	-1	-1	3	0	-1	-1	5	0	-1	-1	0	0	-1	-1	0	0	-1	-1	4	0	-1	-1	2	0	0	-1	4	0	0	-1	3	0	0	-1	1	0	0	-1	2	0	-1	-1	2	0	0	-1	3	0	0	-1	4	0	0	-1	1	0	0	-1	1	0	0	-1	3	0	0	-1	1	0	0	-1	2	0	0	-1	4	0	-1	-1	5	0	0	-1	3	0	0	-1	2	0	0	-1	5	0	0	-1	2	0	0	-1	0	0	0	-1	4	0	0	-1	0	0	0	-1	1	0	-1	-1	2	0	0	-1	4	0	-1	-1	2	0	-1	-1	3	0	0	-1	3	0	0	-1	5	0	0	-1	3	0	0	-1	5	0	0	-1	3	0	-1	0	0	0	0	-1	2	0	-1	0	1	0	-1	-1	4	0	0	-1	2	0	0	-1	0	0	0	-1	3	0	0	-1	5	0	-1	-1	3	0	-1	2	3	0	-1	3	0	0	-1	2	5	0	-1	-1	2	0	0	-1	
1	28100	7-6-6-6
1	0	-1	-1	1	0	-1	-1	0	0	-1	-1	3	0	-1	-1	2	0	-1	-1	1	0	-1	-1	1	0	-1	-1	4	0	-1	-1	4	0	-1	-1	5	0	-1	-1	3	0	-1	-1	2	0	-1	-1	1	0	-1	-1	2	0	-1	-1	2	0	-1	-1	5	0	-1	-1	4	0	-1	-1	5	0	-1	-1	3	0	-1	-1	5	0	-1	-1	5	0	-1	-1	4	0	-1	-1	0	1	-1	-1	3	0	-1	-1	3	0	-1	-1	1	0	-1	-1	3	0	-1	-1	0	0	-1	-1	0	0	-1	-1	3	0	-1	-1	4	0	-1	-1	3	0	-1	-1	3	0	-1	-1	1	0	-1	-1	0	0	-1	-1	4	0	-1	-1	2	0	0	-1	4	0	0	-1	3	0	0	-1	1	0	0	-1	2	0	-1	-1	5	0	0	-1	0	0	0	-1	0	0	0	-1	1	0	0	-1	1	0	0	-1	3	0	0	-1	1	0	0	-1	2	0	0	-1	4	0	-1	-1	2	0	0	-1	3	0	0	-1	4	0	0	-1	5	0	0	-1	2	0	0	-1	0	0	0	-1	4	0	0	-1	0	0	0	-1	1	0	-1	-1	5	0	-1	-1	3	0	-1	-1	2	0	-1	-1	3	0	0	-1	3	0	0	-1	5	0	0	-1	3	0	0	-1	5	0	0	-1	3	0	-1	0	0	0	0	-1	4	0	-1	0	1	0	-1	-1	4	0	0	-1	2	0	0	-1	0	0	0	-1	3	0	0	-1	5	0	-1	-1	3	0	-1	2	3	0	-1	3	0	0	-1	2	5	0	-1	-1	2	0	0	-1	
1	28700	2-6-3-6
1	0	-1	-1	1	0	-1	-1	0	0	-1	-1	3	0	-1	-1	3	0	-1	-1	1	0	-1	-1	2	0	-1	-1	4	0	-1	-1	4	0	-1	-1	5	0	-1	-1	3	0	-1	-1	2	0	-1	-1	1	0	-1	-1	3	0	-1	-1	1	0	-1	-1	1	0	-1	-1	4	0	-1	-1	5	0	-1	-1	3	0	-1	-1	5	0	-1	-1	5	0	-1	-1	4	0	-1	-1	4	0	-1	-1	2	0	-1	-1	5	0	-1	-1	1	0	-1	-1	3	0	-1	-1	0	0	-1	-1	0	0	-1	-1	3	0	-1	-1	4	0	-1	-1	0	1	-1	-1	3	0	-1	-1	1	0	-1	-1	0	0	-1	-1	4	0	-1	-1	2	0	0	-1	4	0	0	-1	3	0	0	-1	1	0	0	-1	2	0	-1	-1	5	0	0	-1	0	0	0	-1	0	0	0	-1	1	0	0	-1	1	0	0	-1	3	0	0	-1	1	0	0	-1	2	0	0	-1	4	0	-1	-1	2	0	0	-1	3	0	0	-1	4	0	0	-1	5	0	0	-1	2	0	0	-1	0	0	0	-1	4	0	0	-1	0	0	0	-1	1	0	-1	-1	5	0	-1	-1	3	0	-1	-1	2	0	-1	-1	3	0	0	-1	3	0	0	-1	5	0	0	-1	3	0	0	-1	5	0	0	-1	3	0	-1	0	0	0	0	-1	4	0	-1	0	1	0	-1	-1	4	0	0	-1	2	0	0	-1	0	0	0	-1	3	0	0	-1	5	0	-1	-1	3	0	-1	2	3	0	-1	3	0	0	-1	2	5	0	-1	-1	2	0	0	-1	
1	31700	5-2-5-1
2	0	-1	-1	4	0	-1	-1	4	0	-1	-1	3	0	-1	-1	3	0	-1	-1	1	0	-1	-1	2	0	-1	-1	4	0	-1	-1	4	0	-1	-1	1	0	-1	-1	1	0	-1	-1	0	0	-1	-1	1	0	-1	-1	3	0	-1	-1	1	0	-1	-1	1	0	-1	-1	4	0	-1	-1	5	0	-1	-1	5	0	-1	-1	3	0	-1	-1	5	0	-1	-1	4	0	-1	-1	4	0	-1	-1	2	0	-1	-1	5	0	-1	-1	1	0	-1	-1	3	0	-1	-1	3	0	-1	-1	5	0	-1	-1	5	0	-1	-1	4	0	-1	-1	0	1	-1	-1	3	0	-1	-1	1	0	-1	-1	0	0	-1	-1	4	0	-1	-1	2	0	0	-1	4	0	0	-1	2	0	-1	-1	1	0	0	-1	2	0	-1	-1	5	0	0	-1	0	0	0	-1	0	0	0	-1	1	0	0	-1	1	0	0	-1	1	0	0	-1	5	0	-1	-1	2	0	0	-1	4	0	-1	-1	2	0	0	-1	3	0	0	-1	4	0	0	-1	5	0	0	-1	2	0	0	-1	0	0	0	-1	4	0	0	-1	0	0	0	-1	1	0	-1	-1	5	0	-1	-1	3	0	-1	-1	2	0	-1	-1	3	0	0	-1	3	0	0	-1	5	0	0	-1	3	0	0	-1	5	0	0	-1	3	0	-1	0	0	0	0	-1	4	0	-1	0	1	0	-1	-1	4	0	0	-1	2	0	0	-1	0	0	0	-1	3	0	0	-1	5	0	-1	-1	3	0	-1	2	3	0	-1	3	0	0	-1	2	5	0	-1	-1	2	0	0	-1	
1	34100	8-3-8-2
2	0	-1	-1	4	0	-1	-1	4	0	-1	-1	2	0	-1	-1	2	0	-1	-1	5	0	-1	-1	2	0	-1	-1	4	0	-1	-1	4	0	-1	-1	1	0	-1	-1	1	0	-1	-1	0	0	-1	-1	3	0	-1	-1	3	0	-1	-1	1	0	-1	-1	1	0	-1	-1	4	0	-1	-1	5	0	-1	-1	5	0	-1	-1	3	0	-1	-1	5	0	-1	-1	1	0	-1	-1	3	0	-1	-1	1	0	-1	-1	5	0	-1	-1	1	0	-1	-1	3	0	-1	-1	3	0	-1	-1	5	0	-1	-1	5	0	-1	-1	4	0	-1	-1	4	0	-1	-1	2	0	-1	-1	1	0	-1	-1	0	0	-1	-1	4	0	-1	-1	2	0	0	-1	4	0	0	-1	2	0	-1	-1	4	0	0	-1	0	1	-1	-1	3	0	0	-1	0	0	0	-1	0	0	0	-1	1	0	0	-1	1	0	0	-1	1	0	0	-1	5	0	-1	-1	1	0	0	-1	2	0	-1	-1	5	0	0	-1	3	0	0	-1	4	0	0	-1	5	0	0	-1	2	0	0	-1	0	0	0	-1	4	0	0	-1	2	0	0	-1	4	0	-1	-1	2	0	-1	-1	3	0	-1	-1	2	0	-1	-1	3	0	0	-1	3	0	0	-1	5	0	0	-1	3	0	0	-1	0	0	0	-1	1	0	-1	0	5	0	0	-1	4	0	-1	0	1	0	-1	-1	4	0	0	-1	2	0	0	-1	0	0	0	-1	5	0	0	-1	5	0	-1	-1	3	0	-1	2	0	0	-1	3	0	0	-1	2	5	0	-1	-1	2	0	0	-1	
1	34700	7-1-8-1
2	0	-1	-1	0	0	-1	-1	4	0	-1	-1	4	0	-1	-1	2	0	-1	-1	5	0	-1	-1	2	0	-1	-1	4	0	-1	-1	4	0	-1	-1	1	0	-1	-1	4	0	-1	-1	4	0	-1	-1	2	0	-1	-1	3	0	-1	-1	1	0	-1	-1	1	0	-1	-1	4	0	-1	-1	5	0	-1	-1	5	0	-1	-1	1	0	-1	-1	0	0	-1	-1	3	0	-1	-1	3	0	-1	-1	1	0	-1	-1	5	0	-1	-1	1	0	-1	-1	3	0	-1	-1	3	0	-1	-1	3	0	-1	-1	5	0	-1	-1	1	0	-1	-1	4	0	-1	-1	2	0	-1	-1	1	0	-1	-1	0	0	-1	-1	4	0	-1	-1	2	0	0	-1	5	0	0	-1	5	0	-1	-1	4	0	0	-1	0	1	-1	-1	3	0	0	-1	0	0	0	-1	0	0	0	-1	1	0	0	-1	1	0	0	-1	4	0	0	-1	2	0	-1	-1	4	0	0	-1	2	0	-1	-1	5	0	0	-1	3	0	0	-1	4	0	0	-1	5	0	0	-1	2	0	0	-1	1	0	0	-1	5	0	0	-1	1	0	0	-1	4	0	-1	-1	2	0	-1	-1	3	0	-1	-1	2	0	-1	-1	3	0	0	-1	3	0	0	-1	0	0	0	-1	4	0	0	-1	2	0	0	-1	1	0	-1	0	5	0	0	-1	4	0	-1	0	1	0	-1	-1	4	0	0	-1	2	0	0	-1	0	0	-1	-1	3	0	-1	-1	0	0	-1	-1	3	0	-1	2	0	0	-1	3	0	0	-1	2	5	0	-1	-1	2	0	0	-1	
1	35300	6-4-6-3
2	0	-1	-1	5	0	-1	-1	1	0	-1	-1	2	0	-1	-1	2	0	-1	-1	5	0	-1	-1	2	0	-1	-1	4	0	-1	-1	4	0	-1	-1	1	0	-1	-1	0	0	-1	-1	4	0	-1	-1	0	0	-1	-1	3	0	-1	-1	1	0	-1	-1	1	0	-1	-1	4	0	-1	-1	5	0	-1	-1	5	0	-1	-1	1	0	-1	-1	0	0	-1	-1	1	0	-1	-1	3	0	-1	-1	1	0	-1	-1	5	0	-1	-1	1	0	-1	-1	3	0	-1	-1	3	0	-1	-1	3	0	-1	-1	5	0	-1	-1	4	0	-1	-1	4	0	-1	-1	2	0	-1	-1	1	0	-1	-1	0	0	-1	-1	4	0	-1	-1	2	0	0	-1	5	0	0	-1	5	0	-1	-1	2	0	-1	-1	0	1	-1	-1	3	0	0	-1	0	0	0	-1	0	0	0	-1	1	0	0	-1	1	0	0	-1	4	0	0	-1	2	0	-1	-1	3	0	-1	-1	2	0	-1	-1	5	0	0	-1	3	0	0	-1	4	0	0	-1	5	0	0	-1	2	0	0	-1	1	0	0	-1	5	0	0	-1	1	0	-1	1	1	0	-1	-1	2	0	-1	-1	3	0	-1	-1	2	0	-1	-1	3	0	0	-1	3	0	0	-1	0	0	0	-1	4	0	0	-1	2	0	0	-1	1	0	-1	0	5	0	0	-1	4	0	-1	0	1	0	-1	-1	4	0	0	-1	2	0	0	-1	0	0	-1	-1	3	0	-1	-1	0	0	-1	-1	3	0	-1	2	0	0	-1	3	0	0	-1	2	5	0	-1	-1	2	0	0	-1	
1	37700	6-2-6-1
2	0	-1	-1	5	0	-1	-1	0	0	-1	-1	0	0	-1	-1	1	0	-1	-1	5	0	-1	-1	2	0	-1	-1	4	0	-1	-1	4	0	-1	-1	1	0	-1	-1	0	0	-1	-1	1	0	-1	-1	2	0	-1	-1	2	0	-1	-1	1	0	-1	-1	1	0	-1	-1	4	0	-1	-1	5	0	-1	-1	5	0	-1	-1	1	0	-1	-1	4	0	-1	-1	0	0	-1	-1	3	0	-1	-1	1	0	-1	-1	5	0	-1	-1	1	0	-1	-1	3	0	-1	-1	3	0	-1	-1	3	0	-1	-1	0	0	-1	-1	1	0	-1	-1	3	0	-1	-1	2	0	-1	-1	1	0	-1	-1	0	0	-1	-1	4	0	-1	-1	2	0	0	-1	5	0	0	-1	5	0	-1	-1	4	0	-1	-1	4	0	-1	-1	3	0	0	-1	0	0	0	-1	0	0	0	-1	1	0	0	-1	1	0	0	-1	4	0	0	-1	5	0	-1	-1	2	0	-1	-1	0	1	-1	-1	5	0	0	-1	3	0	0	-1	4	0	0	-1	5	0	0	-1	2	0	0	-1	5	0	0	-1	2	0	-1	0	3	0	-1	1	2	0	-1	-1	2	0	-1	-1	3	0	-1	-1	2	0	-1	-1	3	0	0	-1	3	0	0	-1	0	0	0	-1	4	0	0	-1	2	0	0	-1	1	0	-1	0	5	0	0	-1	4	0	-1	0	1	0	-1	-1	4	0	0	-1	2	0	0	-1	0	0	-1	-1	3	0	-1	-1	0	0	-1	-1	3	0	-1	2	0	0	-1	3	0	0	-1	2	5	0	-1	-1	2	0	0	-1	
1	38300	6-3-6-2
2	0	-1	-1	5	0	-1	-1	0	0	-1	-1	3	0	-1	-1	1	0	-1	-1	3	0	-1	-1	2	0	-1	-1	4	0	-1	-1	4	0	-1	-1	1	0	-1	-1	0	0	-1	-1	1	0	-1	-1	4	0	-1	-1	1	0	-1	-1	5	0	-1	-1	1	0	-1	-1	4	0	-1	-1	5	0	-1	-1	5	0	-1	-1	1	0	-1	-1	4	0	-1	-1	0	0	-1	-1	2	0	-1	-1	1	0	-1	-1	5	0	-1	-1	1	0	-1	-1	3	0	-1	-1	3	0	-1	-1	3	0	-1	-1	0	0	-1	-1	2	0	-1	-1	3	0	-1	-1	1	0	-1	-1	1	0	-1	-1	0	0	-1	-1	4	0	-1	-1	2	0	0	-1	5	0	0	-1	5	0	-1	-1	0	0	-1	-1	3	0	-1	-1	2	0	0	-1	0	0	0	-1	0	0	0	-1	1	0	0	-1	1	0	0	-1	4	0	0	-1	5	0	-1	-1	1	0	-1	-1	4	0	-1	-1	3	0	0	-1	3	0	0	-1	4	0	0	-1	5	0	0	-1	2	0	0	-1	5	0	0	-1	3	0	-1	0	4	0	-1	1	0	1	-1	-1	5	0	-1	-1	3	0	-1	-1	2	0	-1	-1	3	0	0	-1	3	0	0	-1	0	0	0	-1	4	0	0	-1	2	3	-1	3	1	0	-1	0	5	0	0	-1	4	0	-1	0	1	0	-1	-1	4	0	0	-1	2	0	0	-1	0	0	-1	-1	3	0	-1	-1	0	0	-1	-1	3	0	-1	2	0	0	-1	3	0	0	-1	2	5	0	-1	-1	2	0	0	-1	
1	39800	5-4-5-5
2	0	-1	-1	5	0	-1	-1	0	0	-1	-1	3	0	-1	-1	5	0	-1	-1	3	0	-1	-1	3	0	-1	-1	4	0	-1	-1	4	0	-1	-1	1	0	-1	-1	0	0	-1	-1	1	0	-1	-1	4	0	-1	-1	4	0	-1	-1	3	0	-1	-1	2	0	-1	-1	4	0	-1	-1	5	0	-1	-1	5	0	-1	-1	1	0	-1	-1	4	0	-1	-1	0	0	-1	-1	2	0	-1	-1	5	0	-1	-1	1	0	-1	-1	1	0	-1	-1	3	0	-1	-1	3	0	-1	-1	3	0	-1	-1	0	0	-1	-1	2	0	-1	-1	2	0	-1	-1	1	0	-1	-1	5	0	-1	-1	0	0	-1	-1	4	0	-1	-1	2	0	0	-1	5	0	0	-1	5	0	-1	-1	0	0	-1	-1	1	0	-1	-1	2	0	0	-1	0	0	0	-1	0	0	0	-1	1	0	0	-1	1	0	0	-1	4	0	0	-1	5	0	-1	-1	1	0	-1	-1	2	0	-1	-1	4	0	0	-1	3	0	0	-1	4	0	0	-1	5	0	0	-1	2	0	0	-1	5	0	0	-1	3	0	-1	0	4	0	-1	1	0	1	-1	-1	5	0	-1	-1	3	0	-1	-1	2	0	-1	-1	3	0	0	-1	3	0	0	-1	0	0	0	-1	4	0	0	-1	2	3	-1	3	1	0	-1	0	5	0	0	-1	4	0	-1	0	1	0	-1	-1	4	0	0	-1	2	0	0	-1	0	0	-1	-1	3	0	-1	-1	0	0	-1	-1	3	0	-1	2	0	0	-1	3	0	0	-1	2	5	0	-1	-1	2	0	0	-1	
1	42200	6-2-6-1
2	0	-1	-1	5	0	-1	-1	5	0	-1	-1	3	0	-1	-1	5	0	-1	-1	3	0	-1	-1	3	0	-1	-1	4	0	-1	-1	4	0	-1	-1	1	0	-1	-1	0	0	-1	-1	5	0	-1	-1	4	0	-1	-1	4	0	-1	-1	3	0	-1	-1	2	0	-1	-1	4	0	-1	-1	5	0	-1	-1	5	0	-1	-1	1	0	-1	-1	3	0	-1	-1	0	0	-1	-1	2	0	-1	-1	5	0	-1	-1	1	0	-1	-1	1	0	-1	-1	3	0	-1	-1	3	0	-1	-1	3	0	-1	-1	0	0	-1	-1	2	0	-1	-1	2	0	-1	-1	1	0	-1	-1	5	0	-1	-1	0	0	-1	-1	4	0	-1	-1	2	0	0	-1	5	0	0	-1	1	0	-1	-1	0	0	-1	-1	1	0	-1	-1	2	0	0	-1	0	0	0	-1	0	0	0	-1	1	0	0	-1	1	0	0	-1	4	0	0	-1	4	0	-1	-1	1	0	-1	-1	2	0	-1	-1	4	0	0	-1	3	0	0	-1	4	0	0	-1	5	0	0	-1	2	0	0	-1	3	0	0	-1	0	0	-1	0	4	0	-1	1	0	1	-1	-1	5	0	-1	-1	3	0	-1	-1	2	0	-1	-1	3	0	0	-1	3	0	0	-1	0	0	0	-1	4	0	0	-1	2	3	-1	3	1	0	-1	0	5	0	0	-1	4	0	-1	0	1	0	-1	-1	4	0	0	-1	2	0	0	-1	0	0	-1	-1	3	0	-1	-1	0	0	-1	-1	3	0	-1	2	0	0	-1	3	0	0	-1	2	5	0	-1	-1	2	0	0	-1	
1	43400	6-3-6-2
5	0	-1	-1	0	0	-1	-1	3	0	-1	-1	4	0	-1	-1	2	0	-1	-1	3	0	-1	-1	0	0	-1	-1	1	0	-1	-1	5	0	-1	-1	2	0	-1	-1	5	0	-1	-1	3	0	-1	-1	3	0	-1	-1	5	0	-1	-1	5	0	-1	-1	3	0	-1	-1	4	0	-1	-1	4	0	-1	-1	1	0	-1	-1	0	0	-1	-1	0	0	-1	-1	4	0	-1	-1	4	0	-1	-1	2	0	-1	-1	2	0	-1	-1	4	0	-1	-1	5	0	-1	-1	5	0	-1	-1	1	0	-1	-1	3	0	-1	-1	0	0	-1	-1	2	0	-1	-1	5	0	-1	-1	1	0	-1	-1	1	0	-1	-1	3	0	-1	-1	3	0	0	-1	3	0	0	-1	5	0	-1	-1	2	0	-1	-1	2	0	-1	-1	1	0	0	-1	5	0	0	-1	0	0	0	-1	4	0	0	-1	2	0	0	-1	5	0	0	-1	5	0	-1	-1	0	0	-1	-1	1	0	-1	-1	2	0	0	-1	0	0	0	-1	0	0	0	-1	1	0	0	-1	1	0	-1	-1	4	0	-1	-1	3	0	-1	0	1	0	-1	1	2	0	-1	-1	4	0	-1	-1	3	0	-1	-1	4	0	-1	-1	5	0	-1	-1	3	0	0	-1	0	0	0	-1	1	0	-1	-1	2	3	-1	3	1	0	-1	0	5	0	0	-1	4	0	-1	0	1	0	-1	-1	4	0	0	-1	2	0	0	-1	0	0	-1	-1	3	0	-1	-1	0	0	-1	-1	3	0	-1	2	0	0	-1	3	0	0	-1	2	5	0	-1	-1	2	0	0	-1	
2	64200	8-4-8-3
5	0	-1	-1	0	0	-1	-1	3	0	-1	-1	4	0	-1	-1	3	0	-1	-1	5	0	-1	-1	3	0	-1	-1	1	0	-1	-1	5	0	-1	-1	2	0	-1	-1	5	0	-1	-1	3	0	-1	-1	3	0	-1	-1	2	0	-1	-1	3	0	-1	-1	0	0	-1	-1	4	0	-1	-1	4	0	-1	-1	1	0	-1	-1	0	0	-1	-1	0	0	-1	-1	4	0	-1	-1	5	0	-1	-1	5	0	-1	-1	3	0	-1	-1	4	0	-1	-1	5	0	-1	-1	5	0	-1	-1	1	0	-1	-1	3	0	-1	-1	0	0	-1	-1	4	0	-1	-1	2	0	-1	-1	2	0	-1	-1	1	0	-1	-1	3	0	-1	-1	3	0	0	-1	3	0	0	-1	5	0	-1	-1	2	0	-1	-1	2	0	-1	-1	5	0	0	-1	1	0	0	-1	0	0	0	-1	4	0	0	-1	2	0	0	-1	5	0	0	-1	5	0	-1	-1	0	0	-1	-1	2	0	-1	-1	1	0	0	-1	5	0	0	-1	0	0	0	-1	1	0	0	-1	1	0	-1	-1	4	0	-1	-1	3	0	-1	0	1	0	-1	1	1	0	-1	-1	2	0	-1	-1	0	0	-1	-1	4	0	-1	-1	5	0	-1	-1	3	0	0	-1	0	0	0	-1	1	0	-1	-1	2	3	-1	3	2	0	-1	0	4	0	0	-1	3	0	-1	0	1	0	-1	-1	4	0	0	-1	2	0	0	-1	0	0	-1	-1	3	0	-1	-1	3	0	-1	-1	1	0	-1	2	5	0	-1	3	4	0	-1	2	5	0	-1	-1	2	0	0	-1	
2	64800	6-5-7-5
5	0	-1	-1	3	0	-1	-1	2	0	-1	-1	5	0	-1	-1	0	0	-1	-1	2	0	-1	-1	1	0	-1	-1	1	0	-1	-1	5	0	-1	-1	2	0	-1	-1	0	0	-1	-1	5	0	-1	-1	1	0	-1	-1	2	0	-1	-1	2	0	-1	-1	3	0	-1	-1	4	0	-1	-1	4	0	-1	-1	1	0	-1	-1	5	0	-1	-1	3	0	-1	-1	3	0	-1	-1	2	0	-1	-1	5	0	-1	-1	0	0	-1	-1	4	0	-1	-1	5	0	-1	-1	5	0	-1	-1	0	0	-1	-1	2	0	-1	-1	0	0	-1	-1	4	0	-1	-1	3	0	-1	-1	3	0	-1	-1	1	0	-1	-1	3	0	-1	-1	3	1	-1	-1	1	0	-1	-1	3	0	-1	-1	4	0	-1	-1	3	0	-1	-1	5	0	0	-1	2	0	0	-1	0	0	0	-1	4	0	0	-1	2	0	0	-1	5	0	0	-1	0	0	-1	-1	4	0	-1	-1	2	0	-1	-1	2	0	-1	-1	1	0	-1	-1	0	0	0	-1	1	0	0	-1	1	0	-1	-1	4	0	-1	-1	3	0	-1	0	0	0	-1	1	4	0	-1	-1	1	0	-1	-1	0	0	-1	-1	4	0	-1	-1	5	0	-1	-1	3	0	0	-1	0	0	0	-1	5	0	-1	-1	2	0	-1	3	2	0	-1	0	4	0	-1	-1	3	0	-1	0	1	0	-1	-1	4	0	0	-1	2	0	0	-1	0	0	-1	-1	5	0	-1	-1	0	0	-1	-1	2	0	-1	2	5	0	-1	3	4	0	-1	2	5	0	-1	-1	2	0	0	-1	
3	80400	-1--1--1--1
