Preamble
===============================================================================
t = gem type
bt = bonus type
i = ice layer
mp = medal portion
mu = medals uncovered
s = score
a = action
tmo = total moves
tme = total medals
r = row
c = columns
-------------------------------------------------------------------------------
tmo	tme	r	c
===============================================================================
20	3	9	9
-------------------------------------------------------------------------------

Key for state and progress information.
2 lines represent a state-action pair:
t	bt	i	mp	t	bt	i	mp	t	bt	i	mp	t	bt	i	mp	t	bt	i	mp	t	bt	i	mp	t	bt	i	mp	t	bt	i	mp	t	bt	i	mp	t	bt	i	mp	t	bt	i	mp	t	bt	i	mp	t	bt	i	mp	t	bt	i	mp	t	bt	i	mp	t	bt	i	mp	t	bt	i	mp	t	bt	i	mp	t	bt	i	mp	t	bt	i	mp	t	bt	i	mp	t	bt	i	mp	t	bt	i	mp	t	bt	i	mp	t	bt	i	mp	t	bt	i	mp	t	bt	i	mp	t	bt	i	mp	t	bt	i	mp	t	bt	i	mp	t	bt	i	mp	t	bt	i	mp	t	bt	i	mp	t	bt	i	mp	t	bt	i	mp	t	bt	i	mp	t	bt	i	mp	t	bt	i	mp	t	bt	i	mp	t	bt	i	mp	t	bt	i	mp	t	bt	i	mp	t	bt	i	mp	t	bt	i	mp	t	bt	i	mp	t	bt	i	mp	t	bt	i	mp	t	bt	i	mp	t	bt	i	mp	t	bt	i	mp	t	bt	i	mp	t	bt	i	mp	t	bt	i	mp	t	bt	i	mp	t	bt	i	mp	t	bt	i	mp	t	bt	i	mp	t	bt	i	mp	t	bt	i	mp	t	bt	i	mp	t	bt	i	mp	t	bt	i	mp	t	bt	i	mp	t	bt	i	mp	t	bt	i	mp	t	bt	i	mp	t	bt	i	mp	t	bt	i	mp	t	bt	i	mp	t	bt	i	mp	t	bt	i	mp	t	bt	i	mp	t	bt	i	mp	t	bt	i	mp	t	bt	i	mp	t	bt	i	mp	t	bt	i	mp	t	bt	i	mp	t	bt	i	mp	t	bt	i	mp	t	bt	i	mp	
===============================================================================
mu	s	a
===============================================================================

0	0	-1	-1	1	0	-1	-1	4	0	-1	-1	2	0	-1	-1	0	0	-1	-1	4	0	-1	-1	3	0	-1	-1	4	0	-1	-1	2	0	-1	-1	2	0	-1	-1	4	0	-1	-1	2	0	-1	-1	3	0	-1	-1	4	0	-1	-1	3	0	-1	-1	2	0	-1	-1	5	0	-1	-1	2	0	-1	-1	3	0	-1	-1	1	0	-1	-1	0	0	-1	-1	1	0	-1	-1	0	0	-1	-1	3	0	-1	-1	4	0	-1	-1	1	0	-1	-1	1	0	-1	-1	4	0	-1	-1	5	0	-1	-1	0	0	-1	-1	0	0	-1	-1	4	0	-1	-1	0	0	-1	-1	1	0	-1	-1	3	0	-1	-1	1	0	-1	-1	1	0	0	-1	2	0	0	-1	2	0	0	-1	5	0	0	-1	1	0	0	-1	1	0	0	-1	2	0	0	-1	1	0	0	-1	4	0	0	-1	3	0	0	-1	4	0	0	-1	2	0	0	-1	2	0	0	-1	5	0	0	-1	1	0	0	-1	4	0	0	-1	1	0	0	-1	1	0	0	-1	4	0	0	-1	3	0	0	-1	3	0	0	-1	5	0	0	-1	1	0	0	-1	2	0	0	-1	4	0	0	-1	2	0	0	-1	1	0	0	-1	0	0	0	-1	2	0	0	-1	0	0	0	-1	2	0	0	-1	5	0	0	-1	3	0	0	-1	5	0	0	-1	5	0	0	-1	3	0	0	-1	2	0	0	-1	0	0	0	-1	0	0	0	-1	1	0	0	-1	4	0	0	-1	5	0	0	-1	2	0	0	-1	0	0	0	-1	3	0	0	-1	
0	0	7-1-8-1
4	0	-1	-1	0	0	-1	-1	4	0	-1	-1	3	0	-1	-1	0	0	-1	-1	4	0	-1	-1	3	0	-1	-1	4	0	-1	-1	2	0	-1	-1	0	0	-1	-1	4	0	-1	-1	1	0	-1	-1	2	0	-1	-1	4	0	-1	-1	3	0	-1	-1	2	0	-1	-1	5	0	-1	-1	2	0	-1	-1	2	0	-1	-1	1	0	-1	-1	4	0	-1	-1	3	0	-1	-1	0	0	-1	-1	3	0	-1	-1	4	0	-1	-1	1	0	-1	-1	1	0	-1	-1	3	0	-1	-1	4	0	-1	-1	2	0	-1	-1	1	0	-1	-1	4	0	-1	-1	0	0	-1	-1	1	0	-1	-1	3	0	-1	-1	1	0	-1	-1	4	0	0	-1	1	0	0	-1	0	0	0	-1	0	0	0	-1	1	0	0	-1	1	0	0	-1	2	0	0	-1	1	0	0	-1	4	0	0	-1	1	0	0	-1	5	0	-1	1	0	0	-1	0	5	0	-1	1	5	0	0	-1	1	0	0	-1	4	0	0	-1	1	0	0	-1	1	0	0	-1	3	0	0	-1	4	0	0	-1	2	0	0	-1	5	0	0	-1	1	0	0	-1	2	0	0	-1	4	0	0	-1	2	0	0	-1	1	0	0	-1	4	0	-1	-1	3	0	-1	-1	3	0	-1	-1	2	0	0	-1	5	0	0	-1	3	0	0	-1	5	0	0	-1	5	0	0	-1	3	0	0	-1	2	0	0	-1	2	0	0	-1	0	0	0	-1	1	0	0	-1	4	0	0	-1	5	0	0	-1	2	0	0	-1	0	0	0	-1	3	0	0	-1	
0	1800	6-5-6-4
4	0	-1	-1	0	0	-1	-1	4	0	-1	-1	3	0	-1	-1	0	0	-1	-1	2	0	-1	-1	3	0	-1	-1	4	0	-1	-1	2	0	-1	-1	0	0	-1	-1	4	0	-1	-1	1	0	-1	-1	2	0	-1	-1	4	0	-1	-1	0	0	-1	-1	2	0	-1	-1	5	0	-1	-1	2	0	-1	-1	2	0	-1	-1	1	0	-1	-1	4	0	-1	-1	3	0	-1	-1	0	0	-1	-1	3	0	-1	-1	4	0	-1	-1	1	0	-1	-1	1	0	-1	-1	3	0	-1	-1	4	0	-1	-1	2	0	-1	-1	1	0	-1	-1	4	0	-1	-1	4	0	-1	-1	1	0	-1	-1	3	0	-1	-1	1	0	-1	-1	4	0	0	-1	1	0	0	-1	0	0	0	-1	0	0	0	-1	1	0	0	-1	3	0	-1	-1	2	0	0	-1	1	0	0	-1	4	0	0	-1	1	0	0	-1	5	0	-1	1	0	0	-1	0	5	0	-1	1	5	0	0	-1	3	0	-1	-1	4	0	0	-1	1	0	0	-1	1	0	0	-1	3	0	0	-1	4	0	0	-1	2	0	0	-1	5	0	0	-1	2	0	0	-1	0	0	-1	1	4	0	0	-1	2	0	0	-1	1	0	0	-1	4	0	-1	-1	3	0	-1	-1	3	0	-1	-1	2	0	0	-1	5	0	0	-1	3	0	0	-1	5	0	0	-1	5	0	0	-1	3	0	0	-1	2	0	0	-1	2	0	0	-1	0	0	0	-1	1	0	0	-1	4	0	0	-1	5	0	0	-1	2	0	0	-1	0	0	0	-1	3	0	0	-1	
0	3000	6-3-7-3
4	0	-1	-1	0	0	-1	-1	3	0	-1	-1	2	0	-1	-1	4	0	-1	-1	2	0	-1	-1	3	0	-1	-1	4	0	-1	-1	2	0	-1	-1	0	0	-1	-1	4	0	-1	-1	4	0	-1	-1	3	0	-1	-1	0	0	-1	-1	0	0	-1	-1	2	0	-1	-1	5	0	-1	-1	2	0	-1	-1	2	0	-1	-1	1	0	-1	-1	1	0	-1	-1	2	0	-1	-1	4	0	-1	-1	3	0	-1	-1	4	0	-1	-1	1	0	-1	-1	1	0	-1	-1	3	0	-1	-1	4	0	-1	-1	4	0	-1	-1	3	0	-1	-1	0	0	-1	-1	4	0	-1	-1	1	0	-1	-1	3	0	-1	-1	1	0	-1	-1	4	0	0	-1	1	0	0	-1	2	0	0	-1	1	0	0	-1	4	0	0	-1	3	0	-1	-1	2	0	0	-1	1	0	0	-1	4	0	0	-1	1	0	0	-1	5	0	-1	1	0	0	-1	0	0	0	-1	1	1	0	0	-1	3	0	-1	-1	4	0	0	-1	1	0	0	-1	1	0	0	-1	3	0	0	-1	4	0	0	-1	0	0	-1	-1	5	0	-1	-1	5	0	-1	0	0	0	-1	1	4	0	0	-1	2	0	0	-1	1	0	0	-1	4	0	-1	-1	3	0	-1	-1	3	0	-1	-1	5	0	0	-1	5	0	0	-1	3	0	0	-1	5	0	0	-1	5	0	0	-1	3	0	0	-1	2	0	0	-1	2	0	0	-1	0	0	0	-1	1	0	0	-1	4	0	0	-1	5	0	0	-1	2	0	0	-1	0	0	0	-1	3	0	0	-1	
1	7600	7-6-7-5
4	0	-1	-1	0	0	-1	-1	3	0	-1	-1	4	0	-1	-1	1	0	-1	-1	1	0	-1	-1	3	0	-1	-1	4	0	-1	-1	2	0	-1	-1	0	0	-1	-1	4	0	-1	-1	4	0	-1	-1	2	0	-1	-1	4	0	-1	-1	2	0	-1	-1	2	0	-1	-1	5	0	-1	-1	2	0	-1	-1	2	0	-1	-1	1	0	-1	-1	1	0	-1	-1	3	0	-1	-1	0	0	-1	-1	0	0	-1	-1	4	0	-1	-1	1	0	-1	-1	1	0	-1	-1	3	0	-1	-1	4	0	-1	-1	4	0	-1	-1	2	0	-1	-1	4	0	-1	-1	3	0	-1	-1	1	0	-1	-1	3	0	-1	-1	1	0	-1	-1	4	0	0	-1	1	0	0	-1	2	0	0	-1	3	0	0	-1	0	0	0	-1	4	0	-1	-1	2	0	0	-1	1	0	0	-1	4	0	0	-1	1	0	0	-1	5	0	-1	1	0	0	-1	0	1	0	-1	1	4	0	0	-1	3	0	-1	-1	4	0	0	-1	1	0	0	-1	1	0	0	-1	3	0	0	-1	4	0	0	-1	0	0	-1	-1	0	0	-1	-1	1	0	-1	0	3	0	-1	1	4	0	0	-1	2	0	0	-1	1	0	0	-1	4	0	-1	-1	3	0	-1	-1	3	0	-1	-1	5	0	-1	-1	5	0	-1	-1	0	0	-1	-1	3	0	0	-1	5	0	0	-1	3	0	0	-1	2	0	0	-1	2	0	0	-1	0	0	0	-1	1	0	0	-1	4	0	0	-1	5	0	0	-1	2	0	0	-1	0	0	0	-1	3	0	0	-1	
2	12200	6-0-7-0
1	0	-1	-1	2	0	-1	-1	1	0	-1	-1	4	0	-1	-1	1	0	-1	-1	1	0	-1	-1	3	0	-1	-1	4	0	-1	-1	2	0	-1	-1	5	0	-1	-1	3	0	-1	-1	4	0	-1	-1	2	0	-1	-1	4	0	-1	-1	2	0	-1	-1	2	0	-1	-1	5	0	-1	-1	2	0	-1	-1	4	0	-1	-1	1	0	-1	-1	3	0	-1	-1	3	0	-1	-1	0	0	-1	-1	0	0	-1	-1	4	0	-1	-1	1	0	-1	-1	1	0	-1	-1	4	0	-1	-1	0	0	-1	-1	1	0	-1	-1	2	0	-1	-1	4	0	-1	-1	3	0	-1	-1	1	0	-1	-1	3	0	-1	-1	1	0	-1	-1	0	0	0	-1	4	0	0	-1	3	0	0	-1	3	0	0	-1	0	0	0	-1	4	0	-1	-1	2	0	0	-1	1	0	0	-1	4	0	0	-1	2	0	0	-1	1	0	-1	1	2	0	-1	0	1	0	-1	1	4	0	0	-1	3	0	-1	-1	4	0	0	-1	1	0	0	-1	1	0	0	-1	3	0	0	-1	4	0	0	-1	3	0	-1	-1	0	0	-1	-1	1	0	-1	0	3	0	-1	1	4	0	0	-1	2	0	0	-1	1	0	0	-1	4	0	-1	-1	1	0	-1	-1	4	0	-1	-1	5	0	-1	-1	5	0	-1	-1	0	0	-1	-1	3	0	0	-1	5	0	0	-1	3	0	0	-1	1	0	-1	-1	5	0	-1	-1	1	0	-1	-1	1	0	0	-1	4	0	0	-1	5	0	0	-1	2	0	0	-1	0	0	0	-1	3	0	0	-1	
2	24200	4-1-4-0
5	0	-1	-1	2	0	-1	-1	1	0	-1	-1	4	0	-1	-1	1	0	-1	-1	1	0	-1	-1	3	0	-1	-1	4	0	-1	-1	2	0	-1	-1	0	0	-1	-1	3	0	-1	-1	4	0	-1	-1	2	0	-1	-1	4	0	-1	-1	2	0	-1	-1	2	0	-1	-1	5	0	-1	-1	2	0	-1	-1	3	0	-1	-1	1	0	-1	-1	3	0	-1	-1	3	0	-1	-1	0	0	-1	-1	0	0	-1	-1	4	0	-1	-1	1	0	-1	-1	1	0	-1	-1	1	0	-1	-1	0	0	-1	-1	1	0	-1	-1	2	0	-1	-1	4	0	-1	-1	3	0	-1	-1	1	0	-1	-1	3	0	-1	-1	1	0	-1	-1	5	0	-1	-1	0	0	0	-1	3	0	0	-1	3	0	0	-1	0	0	0	-1	4	0	-1	-1	2	0	0	-1	1	0	0	-1	4	0	0	-1	2	0	0	-1	1	0	-1	1	2	0	-1	0	1	0	-1	1	4	0	0	-1	3	0	-1	-1	4	0	0	-1	1	0	0	-1	1	0	0	-1	3	0	0	-1	4	0	0	-1	3	0	-1	-1	0	0	-1	-1	1	0	-1	0	3	0	-1	1	4	0	0	-1	2	0	0	-1	1	0	0	-1	4	0	-1	-1	1	0	-1	-1	4	0	-1	-1	5	0	-1	-1	5	0	-1	-1	0	0	-1	-1	3	0	0	-1	5	0	0	-1	3	0	0	-1	1	0	-1	-1	5	0	-1	-1	1	0	-1	-1	1	0	0	-1	4	0	0	-1	5	0	0	-1	2	0	0	-1	0	0	0	-1	3	0	0	-1	
2	25400	6-1-7-1
3	0	-1	-1	5	0	-1	-1	1	0	-1	-1	4	0	-1	-1	1	0	-1	-1	1	0	-1	-1	3	0	-1	-1	4	0	-1	-1	2	0	-1	-1	5	0	-1	-1	2	0	-1	-1	1	0	-1	-1	2	0	-1	-1	4	0	-1	-1	2	0	-1	-1	2	0	-1	-1	5	0	-1	-1	2	0	-1	-1	0	0	-1	-1	3	0	-1	-1	4	0	-1	-1	3	0	-1	-1	0	0	-1	-1	0	0	-1	-1	4	0	-1	-1	1	0	-1	-1	1	0	-1	-1	3	0	-1	-1	1	0	-1	-1	3	0	-1	-1	2	0	-1	-1	4	0	-1	-1	3	0	-1	-1	1	0	-1	-1	3	0	-1	-1	1	0	-1	-1	1	0	-1	-1	0	0	0	-1	1	0	0	-1	3	0	0	-1	0	0	0	-1	4	0	-1	-1	2	0	0	-1	1	0	0	-1	4	0	0	-1	5	0	0	-1	0	0	-1	1	3	0	-1	0	1	0	-1	1	4	0	0	-1	3	0	-1	-1	4	0	0	-1	1	0	0	-1	1	0	0	-1	2	0	0	-1	1	0	0	-1	2	0	-1	-1	0	0	-1	-1	1	0	-1	0	3	0	-1	1	4	0	0	-1	2	0	0	-1	1	0	0	-1	3	0	-1	-1	1	0	-1	-1	3	0	-1	-1	5	0	-1	-1	5	0	-1	-1	0	0	-1	-1	3	0	0	-1	5	0	0	-1	3	0	0	-1	1	0	-1	-1	5	0	-1	-1	1	0	-1	-1	1	0	0	-1	4	0	0	-1	5	0	0	-1	2	0	0	-1	0	0	0	-1	3	0	0	-1	
2	26000	8-2-8-1
3	0	-1	-1	0	0	-1	-1	1	0	-1	-1	4	0	-1	-1	1	0	-1	-1	1	0	-1	-1	3	0	-1	-1	4	0	-1	-1	2	0	-1	-1	5	0	-1	-1	4	0	-1	-1	1	0	-1	-1	2	0	-1	-1	4	0	-1	-1	2	0	-1	-1	2	0	-1	-1	5	0	-1	-1	2	0	-1	-1	0	0	-1	-1	0	0	-1	-1	4	0	-1	-1	3	0	-1	-1	0	0	-1	-1	0	0	-1	-1	4	0	-1	-1	1	0	-1	-1	1	0	-1	-1	3	0	-1	-1	5	0	-1	-1	3	0	-1	-1	2	0	-1	-1	4	0	-1	-1	3	0	-1	-1	1	0	-1	-1	3	0	-1	-1	1	0	-1	-1	1	0	-1	-1	2	0	0	-1	1	0	0	-1	3	0	0	-1	0	0	0	-1	4	0	-1	-1	2	0	0	-1	1	0	0	-1	4	0	0	-1	5	0	0	-1	3	0	-1	1	3	0	-1	0	1	0	-1	1	4	0	0	-1	3	0	-1	-1	4	0	0	-1	1	0	0	-1	1	0	0	-1	2	0	0	-1	1	0	-1	3	2	0	-1	-1	0	0	-1	-1	1	0	-1	0	3	0	-1	1	4	0	0	-1	2	0	0	-1	1	0	0	-1	3	0	-1	-1	0	0	-1	-1	3	0	-1	-1	5	0	-1	-1	5	0	-1	-1	0	0	-1	-1	3	0	0	-1	5	0	0	-1	3	0	0	-1	1	0	-1	-1	0	0	-1	-1	5	0	-1	-1	1	0	0	-1	4	0	0	-1	5	0	0	-1	2	0	0	-1	0	0	0	-1	3	0	0	-1	
2	27200	4-3-4-2
3	0	-1	-1	0	0	-1	-1	1	0	-1	-1	4	0	-1	-1	1	0	-1	-1	1	0	-1	-1	3	0	-1	-1	4	0	-1	-1	2	0	-1	-1	5	0	-1	-1	4	0	-1	-1	3	0	-1	-1	2	0	-1	-1	4	0	-1	-1	2	0	-1	-1	2	0	-1	-1	5	0	-1	-1	2	0	-1	-1	0	0	-1	-1	0	0	-1	-1	3	0	-1	-1	3	0	-1	-1	0	0	-1	-1	0	0	-1	-1	4	0	-1	-1	1	0	-1	-1	1	0	-1	-1	3	0	-1	-1	5	0	-1	-1	1	0	-1	-1	2	0	-1	-1	4	0	-1	-1	3	0	-1	-1	1	0	-1	-1	3	0	-1	-1	1	0	-1	-1	1	0	-1	-1	2	0	0	-1	1	0	-1	-1	1	0	0	-1	0	0	0	-1	4	0	-1	-1	2	0	0	-1	1	0	0	-1	4	0	0	-1	5	0	0	-1	3	0	-1	1	4	0	-1	0	1	0	-1	1	4	0	0	-1	3	0	-1	-1	4	0	0	-1	1	0	0	-1	1	0	0	-1	2	0	0	-1	1	0	-1	3	2	0	-1	-1	0	0	-1	-1	1	0	-1	0	3	0	-1	1	4	0	0	-1	2	0	0	-1	1	0	0	-1	3	0	-1	-1	0	0	-1	-1	3	0	-1	-1	5	0	-1	-1	5	0	-1	-1	0	0	-1	-1	3	0	0	-1	5	0	0	-1	3	0	0	-1	1	0	-1	-1	0	0	-1	-1	5	0	-1	-1	1	0	0	-1	4	0	0	-1	5	0	0	-1	2	0	0	-1	0	0	0	-1	3	0	0	-1	
2	28400	4-0-4-1
3	0	-1	-1	1	0	-1	-1	3	0	-1	-1	5	0	-1	-1	1	0	-1	-1	1	0	-1	-1	3	0	-1	-1	4	0	-1	-1	2	0	-1	-1	5	0	-1	-1	0	0	-1	-1	1	0	-1	-1	4	0	-1	-1	4	0	-1	-1	2	0	-1	-1	2	0	-1	-1	5	0	-1	-1	2	0	-1	-1	0	0	-1	-1	4	0	-1	-1	3	0	-1	-1	2	0	-1	-1	0	0	-1	-1	0	0	-1	-1	4	0	-1	-1	1	0	-1	-1	1	0	-1	-1	3	0	-1	-1	0	0	-1	-1	3	0	-1	-1	3	0	-1	-1	4	0	-1	-1	3	0	-1	-1	1	0	-1	-1	3	0	-1	-1	1	0	-1	-1	2	0	-1	-1	5	0	-1	-1	1	0	-1	-1	2	0	-1	-1	0	0	0	-1	4	0	-1	-1	2	0	0	-1	1	0	0	-1	4	0	0	-1	5	0	0	-1	3	0	-1	1	4	0	-1	0	1	0	-1	1	4	0	0	-1	3	0	-1	-1	4	0	0	-1	1	0	0	-1	1	0	0	-1	2	0	0	-1	1	0	-1	3	2	0	-1	-1	0	0	-1	-1	1	0	-1	0	3	0	-1	1	4	0	0	-1	2	0	0	-1	1	0	0	-1	3	0	-1	-1	0	0	-1	-1	3	0	-1	-1	5	0	-1	-1	5	0	-1	-1	0	0	-1	-1	3	0	0	-1	5	0	0	-1	3	0	0	-1	1	0	-1	-1	0	0	-1	-1	5	0	-1	-1	1	0	0	-1	4	0	0	-1	5	0	0	-1	2	0	0	-1	0	0	0	-1	3	0	0	-1	
2	29000	4-5-5-5
3	0	-1	-1	1	0	-1	-1	3	0	-1	-1	5	0	-1	-1	3	0	-1	-1	4	0	-1	-1	2	0	-1	-1	3	0	-1	-1	2	0	-1	-1	5	0	-1	-1	0	0	-1	-1	1	0	-1	-1	4	0	-1	-1	1	0	-1	-1	0	0	-1	-1	2	0	-1	-1	4	0	-1	-1	2	0	-1	-1	0	0	-1	-1	4	0	-1	-1	3	0	-1	-1	2	0	-1	-1	4	0	-1	-1	2	0	-1	-1	3	0	-1	-1	5	0	-1	-1	1	0	-1	-1	3	0	-1	-1	0	0	-1	-1	3	0	-1	-1	3	0	-1	-1	0	0	-1	-1	5	0	-1	-1	2	0	-1	-1	1	0	-1	-1	1	0	-1	-1	2	0	-1	-1	5	0	-1	-1	1	0	-1	-1	2	0	-1	-1	4	0	0	-1	2	0	-1	-1	4	0	-1	-1	3	0	-1	-1	4	0	0	-1	5	0	0	-1	3	0	-1	1	4	0	-1	0	1	0	-1	1	0	0	-1	-1	2	0	-1	-1	2	0	-1	-1	1	0	0	-1	1	0	0	-1	2	0	0	-1	1	0	-1	3	2	0	-1	-1	0	0	-1	-1	1	0	-1	0	0	0	-1	1	4	0	0	-1	2	0	0	-1	1	0	0	-1	3	0	-1	-1	0	0	-1	-1	3	0	-1	-1	5	0	-1	-1	5	0	-1	-1	0	0	-1	-1	3	0	0	-1	5	0	0	-1	3	0	0	-1	1	0	-1	-1	0	0	-1	-1	5	0	-1	-1	1	0	0	-1	4	0	0	-1	5	0	0	-1	2	0	0	-1	0	0	0	-1	3	0	0	-1	
2	41000	3-5-3-6
3	0	-1	-1	1	0	-1	-1	3	0	-1	-1	5	0	-1	-1	3	0	-1	-1	1	0	-1	-1	2	0	-1	-1	3	0	-1	-1	2	0	-1	-1	5	0	-1	-1	0	0	-1	-1	1	0	-1	-1	4	0	-1	-1	1	0	-1	-1	3	0	-1	-1	2	0	-1	-1	4	0	-1	-1	2	0	-1	-1	0	0	-1	-1	4	0	-1	-1	3	0	-1	-1	2	0	-1	-1	4	0	-1	-1	3	0	-1	-1	3	0	-1	-1	5	0	-1	-1	1	0	-1	-1	3	0	-1	-1	0	0	-1	-1	3	0	-1	-1	3	0	-1	-1	0	0	-1	-1	4	0	-1	-1	5	0	-1	-1	1	0	-1	-1	1	0	-1	-1	2	0	-1	-1	5	0	-1	-1	1	0	-1	-1	2	0	-1	-1	4	0	0	-1	0	0	-1	-1	4	0	-1	-1	3	0	-1	-1	4	0	0	-1	5	0	0	-1	3	0	-1	1	4	0	-1	0	1	0	-1	1	0	0	-1	-1	2	1	-1	-1	2	0	-1	-1	1	0	0	-1	1	0	0	-1	2	0	0	-1	1	0	-1	3	2	0	-1	-1	0	0	-1	-1	1	0	-1	0	0	0	-1	1	4	0	0	-1	2	0	0	-1	1	0	0	-1	3	0	-1	-1	0	0	-1	-1	3	0	-1	-1	5	0	-1	-1	5	0	-1	-1	0	0	-1	-1	3	0	0	-1	5	0	0	-1	3	0	0	-1	1	0	-1	-1	0	0	-1	-1	5	0	-1	-1	1	0	0	-1	4	0	0	-1	5	0	0	-1	2	0	0	-1	0	0	0	-1	3	0	0	-1	
2	42600	5-7-6-7
1	0	-1	-1	3	0	-1	-1	3	0	-1	-1	5	0	-1	-1	1	0	-1	-1	2	0	-1	-1	4	0	-1	-1	0	0	-1	-1	5	0	-1	-1	3	0	-1	-1	1	0	-1	-1	3	0	-1	-1	5	0	-1	-1	3	0	-1	-1	2	0	-1	-1	2	0	-1	-1	3	0	-1	-1	2	0	-1	-1	5	0	-1	-1	0	0	-1	-1	1	0	-1	-1	4	0	-1	-1	1	0	-1	-1	1	0	-1	-1	2	0	-1	-1	4	0	-1	-1	2	0	-1	-1	0	0	-1	-1	4	0	-1	-1	3	0	-1	-1	2	0	-1	-1	4	0	-1	-1	3	0	-1	-1	3	0	-1	-1	5	0	-1	-1	1	0	-1	-1	3	0	-1	-1	0	0	-1	-1	3	0	-1	-1	3	0	-1	-1	0	0	0	-1	1	0	-1	-1	5	0	-1	-1	1	0	-1	-1	1	0	0	-1	2	0	-1	0	5	0	-1	1	1	0	-1	0	2	0	-1	1	4	0	-1	-1	3	0	-1	-1	4	0	-1	-1	3	0	-1	-1	4	0	-1	-1	2	0	0	-1	1	0	-1	3	2	0	-1	-1	0	0	-1	-1	1	0	-1	0	3	0	-1	1	4	0	0	-1	1	0	0	-1	1	0	0	-1	3	0	-1	-1	0	0	-1	-1	3	0	-1	-1	5	0	-1	-1	5	0	-1	-1	4	0	-1	-1	3	0	0	-1	5	0	0	-1	3	0	0	-1	1	0	-1	-1	0	0	-1	-1	5	0	-1	-1	1	0	0	-1	4	0	0	-1	5	0	0	-1	2	0	0	-1	0	0	0	-1	3	0	0	-1	
2	47200	3-1-3-0
1	0	-1	-1	3	0	-1	-1	1	0	-1	-1	5	0	-1	-1	1	0	-1	-1	2	0	-1	-1	4	0	-1	-1	0	0	-1	-1	5	0	-1	-1	1	0	-1	-1	1	0	-1	-1	3	0	-1	-1	5	0	-1	-1	3	0	-1	-1	2	0	-1	-1	2	0	-1	-1	3	0	-1	-1	2	0	-1	-1	5	0	-1	-1	0	0	-1	-1	1	0	-1	-1	4	0	-1	-1	1	0	-1	-1	1	0	-1	-1	2	0	-1	-1	4	0	-1	-1	2	0	-1	-1	4	0	-1	-1	3	0	-1	-1	3	0	-1	-1	2	0	-1	-1	4	0	-1	-1	3	0	-1	-1	3	0	-1	-1	5	0	-1	-1	1	0	-1	-1	3	0	-1	-1	1	0	-1	-1	3	0	-1	-1	3	0	-1	-1	0	0	0	-1	1	0	-1	-1	5	0	-1	-1	1	0	-1	-1	1	0	0	-1	2	0	-1	0	5	0	-1	1	1	0	-1	0	2	0	-1	1	4	0	-1	-1	3	0	-1	-1	4	0	-1	-1	3	0	-1	-1	4	0	-1	-1	2	0	0	-1	1	0	-1	3	2	0	-1	-1	0	0	-1	-1	1	0	-1	0	3	0	-1	1	4	0	0	-1	1	0	0	-1	1	0	0	-1	3	0	-1	-1	0	0	-1	-1	3	0	-1	-1	5	0	-1	-1	5	0	-1	-1	4	0	-1	-1	3	0	0	-1	5	0	0	-1	3	0	0	-1	1	0	-1	-1	0	0	-1	-1	5	0	-1	-1	1	0	0	-1	4	0	0	-1	5	0	0	-1	2	0	0	-1	0	0	0	-1	3	0	0	-1	
2	49600	3-1-4-1
3	0	-1	-1	5	0	-1	-1	4	0	-1	-1	1	0	-1	-1	1	0	-1	-1	2	0	-1	-1	4	0	-1	-1	0	0	-1	-1	5	0	-1	-1	5	0	-1	-1	3	0	-1	-1	2	0	-1	-1	5	0	-1	-1	3	0	-1	-1	2	0	-1	-1	2	0	-1	-1	3	0	-1	-1	2	0	-1	-1	1	0	-1	-1	0	0	-1	-1	3	0	-1	-1	5	0	-1	-1	1	0	-1	-1	1	0	-1	-1	2	0	-1	-1	4	0	-1	-1	2	0	-1	-1	5	0	-1	-1	1	0	-1	-1	1	0	-1	-1	4	0	-1	-1	4	0	-1	-1	3	0	-1	-1	3	0	-1	-1	5	0	-1	-1	1	0	-1	-1	4	0	-1	-1	3	1	-1	-1	3	0	-1	-1	2	0	-1	-1	0	0	0	-1	1	0	-1	-1	5	0	-1	-1	1	0	-1	-1	1	0	0	-1	2	0	-1	0	5	0	-1	1	1	0	-1	0	2	0	-1	1	4	0	-1	-1	3	0	-1	-1	4	0	-1	-1	3	0	-1	-1	4	0	-1	-1	2	0	0	-1	1	0	-1	3	2	0	-1	-1	0	0	-1	-1	1	0	-1	0	3	0	-1	1	4	0	0	-1	1	0	0	-1	1	0	0	-1	3	0	-1	-1	0	0	-1	-1	3	0	-1	-1	5	0	-1	-1	5	0	-1	-1	4	0	-1	-1	3	0	0	-1	5	0	0	-1	3	0	0	-1	1	0	-1	-1	0	0	-1	-1	5	0	-1	-1	1	0	0	-1	4	0	0	-1	5	0	0	-1	2	0	0	-1	0	0	0	-1	3	0	0	-1	
2	51600	2-0-3-0
3	0	-1	-1	2	0	-1	-1	4	0	-1	-1	1	0	-1	-1	1	0	-1	-1	2	0	-1	-1	4	0	-1	-1	0	0	-1	-1	5	0	-1	-1	3	0	-1	-1	5	0	-1	-1	4	0	-1	-1	5	0	-1	-1	3	0	-1	-1	2	0	-1	-1	2	0	-1	-1	3	0	-1	-1	2	0	-1	-1	5	0	-1	-1	3	0	-1	-1	2	0	-1	-1	5	0	-1	-1	1	0	-1	-1	1	0	-1	-1	2	0	-1	-1	4	0	-1	-1	2	0	-1	-1	5	0	-1	-1	0	0	-1	-1	3	0	-1	-1	4	0	-1	-1	4	0	-1	-1	3	0	-1	-1	3	0	-1	-1	5	0	-1	-1	1	0	-1	-1	4	0	-1	-1	3	1	-1	-1	3	0	-1	-1	2	0	-1	-1	0	0	0	-1	1	0	-1	-1	5	0	-1	-1	1	0	-1	-1	1	0	0	-1	2	0	-1	0	5	0	-1	1	1	0	-1	0	2	0	-1	1	4	0	-1	-1	3	0	-1	-1	4	0	-1	-1	3	0	-1	-1	4	0	-1	-1	2	0	0	-1	1	0	-1	3	2	0	-1	-1	0	0	-1	-1	1	0	-1	0	3	0	-1	1	4	0	0	-1	1	0	0	-1	1	0	0	-1	3	0	-1	-1	0	0	-1	-1	3	0	-1	-1	5	0	-1	-1	5	0	-1	-1	4	0	-1	-1	3	0	0	-1	5	0	0	-1	3	0	0	-1	1	0	-1	-1	0	0	-1	-1	5	0	-1	-1	1	0	0	-1	4	0	0	-1	5	0	0	-1	2	0	0	-1	0	0	0	-1	3	0	0	-1	
2	52200	3-2-3-1
3	0	-1	-1	2	0	-1	-1	4	0	-1	-1	1	0	-1	-1	1	0	-1	-1	2	0	-1	-1	4	0	-1	-1	0	0	-1	-1	5	0	-1	-1	3	0	-1	-1	1	0	-1	-1	4	0	-1	-1	5	0	-1	-1	3	0	-1	-1	2	0	-1	-1	2	0	-1	-1	3	0	-1	-1	2	0	-1	-1	5	0	-1	-1	3	0	-1	-1	2	0	-1	-1	5	0	-1	-1	1	0	-1	-1	1	0	-1	-1	2	0	-1	-1	4	0	-1	-1	2	0	-1	-1	5	0	-1	-1	5	0	-1	-1	0	0	-1	-1	4	0	-1	-1	4	0	-1	-1	3	0	-1	-1	3	0	-1	-1	5	0	-1	-1	1	0	-1	-1	4	0	-1	-1	3	0	-1	-1	3	0	-1	-1	2	0	-1	-1	0	0	0	-1	1	0	-1	-1	5	0	-1	-1	1	0	-1	-1	1	0	0	-1	2	0	-1	0	1	0	-1	1	1	0	-1	0	2	0	-1	1	4	0	-1	-1	3	0	-1	-1	4	0	-1	-1	3	0	-1	-1	4	0	-1	-1	2	0	0	-1	1	0	-1	3	2	0	-1	-1	0	0	-1	-1	1	0	-1	0	3	0	-1	1	4	0	0	-1	1	0	0	-1	1	0	0	-1	3	0	-1	-1	0	0	-1	-1	3	0	-1	-1	5	0	-1	-1	5	0	-1	-1	4	0	-1	-1	3	0	0	-1	5	0	0	-1	3	0	0	-1	1	0	-1	-1	4	0	-1	-1	5	0	-1	-1	1	0	0	-1	4	0	0	-1	5	0	0	-1	2	0	0	-1	0	0	0	-1	3	0	0	-1	
2	63200	2-1-2-0
5	0	-1	-1	2	0	-1	-1	4	0	-1	-1	1	0	-1	-1	1	0	-1	-1	2	0	-1	-1	4	0	-1	-1	0	0	-1	-1	5	0	-1	-1	2	0	-1	-1	1	0	-1	-1	4	0	-1	-1	5	0	-1	-1	3	0	-1	-1	2	0	-1	-1	2	0	-1	-1	3	0	-1	-1	2	0	-1	-1	2	0	-1	-1	5	0	-1	-1	2	0	-1	-1	5	0	-1	-1	1	0	-1	-1	1	0	-1	-1	2	0	-1	-1	4	0	-1	-1	2	0	-1	-1	5	0	-1	-1	5	0	-1	-1	0	0	-1	-1	4	0	-1	-1	4	0	-1	-1	3	0	-1	-1	3	0	-1	-1	5	0	-1	-1	1	0	-1	-1	4	0	-1	-1	3	0	-1	-1	3	0	-1	-1	2	0	-1	-1	0	0	0	-1	1	0	-1	-1	5	0	-1	-1	1	0	-1	-1	1	0	0	-1	2	0	-1	0	1	0	-1	1	1	0	-1	0	2	0	-1	1	4	0	-1	-1	3	0	-1	-1	4	0	-1	-1	3	0	-1	-1	4	0	-1	-1	2	0	0	-1	1	0	-1	3	2	0	-1	-1	0	0	-1	-1	1	0	-1	0	3	0	-1	1	4	0	0	-1	1	0	0	-1	1	0	0	-1	3	0	-1	-1	0	0	-1	-1	3	0	-1	-1	5	0	-1	-1	5	0	-1	-1	4	0	-1	-1	3	0	0	-1	5	0	0	-1	3	0	0	-1	1	0	-1	-1	4	0	-1	-1	5	0	-1	-1	1	0	0	-1	4	0	0	-1	5	0	0	-1	2	0	0	-1	0	0	0	-1	3	0	0	-1	
2	64400	0-1-0-0
4	0	-1	-1	5	0	-1	-1	4	0	-1	-1	1	0	-1	-1	1	0	-1	-1	2	0	-1	-1	4	0	-1	-1	0	0	-1	-1	5	0	-1	-1	4	0	-1	-1	1	0	-1	-1	4	0	-1	-1	5	0	-1	-1	3	0	-1	-1	2	0	-1	-1	2	0	-1	-1	3	0	-1	-1	2	0	-1	-1	3	0	-1	-1	5	0	-1	-1	2	0	-1	-1	5	0	-1	-1	1	0	-1	-1	1	0	-1	-1	2	0	-1	-1	4	0	-1	-1	2	0	-1	-1	5	0	-1	-1	5	0	-1	-1	0	0	-1	-1	4	0	-1	-1	4	0	-1	-1	3	0	-1	-1	3	0	-1	-1	5	0	-1	-1	1	0	-1	-1	4	0	-1	-1	3	0	-1	-1	3	0	-1	-1	2	0	-1	-1	0	0	0	-1	1	0	-1	-1	5	0	-1	-1	1	0	-1	-1	1	0	0	-1	2	0	-1	0	1	0	-1	1	1	0	-1	0	2	0	-1	1	4	0	-1	-1	3	0	-1	-1	4	0	-1	-1	3	0	-1	-1	4	0	-1	-1	2	0	0	-1	1	0	-1	3	2	0	-1	-1	0	0	-1	-1	1	0	-1	0	3	0	-1	1	4	0	0	-1	1	0	0	-1	1	0	0	-1	3	0	-1	-1	0	0	-1	-1	3	0	-1	-1	5	0	-1	-1	5	0	-1	-1	4	0	-1	-1	3	0	0	-1	5	0	0	-1	3	0	0	-1	1	0	-1	-1	4	0	-1	-1	5	0	-1	-1	1	0	0	-1	4	0	0	-1	5	0	0	-1	2	0	0	-1	0	0	0	-1	3	0	0	-1	
2	65600	7-6-7-5
4	0	-1	-1	5	0	-1	-1	4	0	-1	-1	1	0	-1	-1	1	0	-1	-1	3	0	-1	-1	2	0	-1	-1	0	0	-1	-1	5	0	-1	-1	4	0	-1	-1	1	0	-1	-1	4	0	-1	-1	5	0	-1	-1	3	0	-1	-1	2	0	-1	-1	0	0	-1	-1	3	0	-1	-1	2	0	-1	-1	3	0	-1	-1	5	0	-1	-1	2	0	-1	-1	5	0	-1	-1	1	0	-1	-1	1	0	-1	-1	4	0	-1	-1	4	0	-1	-1	2	0	-1	-1	5	0	-1	-1	5	0	-1	-1	0	0	-1	-1	4	0	-1	-1	4	0	-1	-1	2	0	-1	-1	4	0	-1	-1	5	0	-1	-1	1	0	-1	-1	4	0	-1	-1	3	0	-1	-1	3	0	-1	-1	2	0	-1	-1	0	0	0	-1	2	0	-1	-1	2	0	-1	-1	1	0	-1	-1	1	0	0	-1	2	0	-1	0	1	0	-1	1	1	0	-1	0	2	0	-1	1	4	0	-1	-1	1	0	-1	-1	2	0	-1	-1	3	0	-1	-1	4	0	-1	-1	2	0	0	-1	1	0	-1	3	2	0	-1	-1	0	0	-1	-1	1	0	-1	0	3	0	-1	1	3	0	-1	-1	1	0	0	-1	1	0	0	-1	3	0	-1	-1	0	0	-1	-1	3	0	-1	-1	5	0	-1	-1	5	0	-1	-1	1	0	-1	-1	5	0	-1	-1	5	0	0	-1	3	0	0	-1	1	0	-1	-1	4	0	-1	-1	5	0	-1	-1	1	0	0	-1	4	0	0	-1	5	0	0	-1	2	0	0	-1	0	0	0	-1	3	0	0	-1	
2	68000	-1--1--1--1
