Preamble
===============================================================================
t = gem type
bt = bonus type
i = ice layer
mp = medal portion
mu = medals uncovered
s = score
a = action
tmo = total moves
tme = total medals
r = row
c = columns
-------------------------------------------------------------------------------
tmo	tme	r	c
===============================================================================
30	4	12	12
-------------------------------------------------------------------------------

Key for state and progress information.
2 lines represent a state-action pair:
t	bt	i	mp	t	bt	i	mp	t	bt	i	mp	t	bt	i	mp	t	bt	i	mp	t	bt	i	mp	t	bt	i	mp	t	bt	i	mp	t	bt	i	mp	t	bt	i	mp	t	bt	i	mp	t	bt	i	mp	t	bt	i	mp	t	bt	i	mp	t	bt	i	mp	t	bt	i	mp	t	bt	i	mp	t	bt	i	mp	t	bt	i	mp	t	bt	i	mp	t	bt	i	mp	t	bt	i	mp	t	bt	i	mp	t	bt	i	mp	t	bt	i	mp	t	bt	i	mp	t	bt	i	mp	t	bt	i	mp	t	bt	i	mp	t	bt	i	mp	t	bt	i	mp	t	bt	i	mp	t	bt	i	mp	t	bt	i	mp	t	bt	i	mp	t	bt	i	mp	t	bt	i	mp	t	bt	i	mp	t	bt	i	mp	t	bt	i	mp	t	bt	i	mp	t	bt	i	mp	t	bt	i	mp	t	bt	i	mp	t	bt	i	mp	t	bt	i	mp	t	bt	i	mp	t	bt	i	mp	t	bt	i	mp	t	bt	i	mp	t	bt	i	mp	t	bt	i	mp	t	bt	i	mp	t	bt	i	mp	t	bt	i	mp	t	bt	i	mp	t	bt	i	mp	t	bt	i	mp	t	bt	i	mp	t	bt	i	mp	t	bt	i	mp	t	bt	i	mp	t	bt	i	mp	t	bt	i	mp	t	bt	i	mp	t	bt	i	mp	t	bt	i	mp	t	bt	i	mp	t	bt	i	mp	t	bt	i	mp	t	bt	i	mp	t	bt	i	mp	t	bt	i	mp	t	bt	i	mp	t	bt	i	mp	t	bt	i	mp	t	bt	i	mp	t	bt	i	mp	t	bt	i	mp	t	bt	i	mp	t	bt	i	mp	t	bt	i	mp	t	bt	i	mp	t	bt	i	mp	t	bt	i	mp	t	bt	i	mp	t	bt	i	mp	t	bt	i	mp	t	bt	i	mp	t	bt	i	mp	t	bt	i	mp	t	bt	i	mp	t	bt	i	mp	t	bt	i	mp	t	bt	i	mp	t	bt	i	mp	t	bt	i	mp	t	bt	i	mp	t	bt	i	mp	t	bt	i	mp	t	bt	i	mp	t	bt	i	mp	t	bt	i	mp	t	bt	i	mp	t	bt	i	mp	t	bt	i	mp	t	bt	i	mp	t	bt	i	mp	t	bt	i	mp	t	bt	i	mp	t	bt	i	mp	t	bt	i	mp	t	bt	i	mp	t	bt	i	mp	t	bt	i	mp	t	bt	i	mp	t	bt	i	mp	t	bt	i	mp	t	bt	i	mp	t	bt	i	mp	t	bt	i	mp	t	bt	i	mp	t	bt	i	mp	t	bt	i	mp	t	bt	i	mp	t	bt	i	mp	t	bt	i	mp	t	bt	i	mp	t	bt	i	mp	t	bt	i	mp	t	bt	i	mp	t	bt	i	mp	t	bt	i	mp	t	bt	i	mp	t	bt	i	mp	t	bt	i	mp	t	bt	i	mp	t	bt	i	mp	t	bt	i	mp	t	bt	i	mp	t	bt	i	mp	t	bt	i	mp	t	bt	i	mp	t	bt	i	mp	
===============================================================================
mu	s	a
===============================================================================

2	0	-1	-1	0	0	-1	-1	5	0	-1	-1	3	0	-1	-1	1	0	-1	-1	0	0	-1	-1	5	0	-1	-1	0	0	-1	-1	3	0	-1	-1	0	0	-1	-1	0	0	-1	-1	5	0	-1	-1	1	0	-1	-1	2	0	-1	-1	4	0	-1	-1	0	0	-1	-1	1	0	-1	-1	3	0	-1	-1	3	0	-1	-1	0	0	-1	-1	2	0	-1	-1	4	0	-1	-1	4	0	-1	-1	3	0	-1	-1	4	0	-1	-1	0	0	-1	-1	2	0	-1	-1	4	0	-1	-1	5	0	-1	-1	3	0	-1	-1	5	0	-1	-1	4	0	-1	-1	5	0	-1	-1	4	0	-1	-1	0	0	-1	-1	4	0	-1	-1	0	0	-1	-1	3	0	-1	-1	4	0	-1	-1	3	0	-1	-1	5	0	-1	-1	5	0	-1	-1	3	0	-1	-1	0	0	-1	-1	4	0	-1	-1	0	0	-1	-1	4	0	-1	-1	1	0	-1	-1	5	0	-1	-1	4	0	-1	-1	2	0	-1	-1	1	0	-1	-1	1	0	-1	-1	4	0	-1	-1	5	0	-1	-1	0	0	-1	-1	3	0	-1	-1	5	0	-1	-1	3	0	-1	-1	1	0	-1	-1	1	0	-1	-1	3	0	-1	-1	5	0	-1	-1	4	0	-1	-1	2	0	-1	-1	2	0	-1	-1	4	0	-1	-1	2	0	-1	-1	0	0	-1	-1	0	0	-1	-1	5	0	-1	-1	3	0	-1	-1	2	0	0	-1	2	0	0	-1	0	0	0	-1	1	0	0	-1	2	0	0	-1	5	0	0	-1	3	0	0	-1	5	0	0	-1	1	0	0	-1	1	0	0	-1	5	0	0	-1	4	0	0	-1	2	0	0	-1	2	0	0	-1	4	0	0	-1	0	0	0	-1	5	0	0	-1	0	0	0	-1	5	0	0	-1	1	0	0	-1	4	0	0	-1	2	0	0	-1	0	0	0	-1	4	0	0	-1	4	0	0	-1	0	0	0	-1	4	0	0	-1	3	0	0	-1	4	0	0	-1	5	0	0	-1	3	0	0	-1	1	0	0	-1	5	0	0	-1	5	0	0	-1	2	0	0	-1	5	0	0	-1	2	0	0	-1	0	0	0	-1	5	0	0	-1	2	0	0	-1	0	0	0	-1	5	0	0	-1	4	0	0	-1	2	0	0	-1	5	0	0	-1	2	0	0	-1	4	0	0	-1	4	0	0	-1	4	0	0	-1	5	0	0	-1	0	0	0	-1	5	0	0	-1	3	0	0	-1	3	0	0	-1	4	0	0	-1	4	0	0	-1	2	0	0	-1	5	0	0	-1	2	0	0	-1	2	0	0	-1	0	0	0	-1	0	0	0	-1	2	0	0	-1	4	0	0	-1	3	0	0	-1	5	0	0	-1	1	0	0	-1	0	0	0	-1	3	0	0	-1	1	0	0	-1	4	0	0	-1	1	0	0	-1	
0	0	10-2-10-1
2	0	-1	-1	4	0	-1	-1	5	0	-1	-1	3	0	-1	-1	1	0	-1	-1	0	0	-1	-1	5	0	-1	-1	0	0	-1	-1	3	0	-1	-1	0	0	-1	-1	0	0	-1	-1	5	0	-1	-1	1	0	-1	-1	4	0	-1	-1	4	0	-1	-1	0	0	-1	-1	1	0	-1	-1	3	0	-1	-1	3	0	-1	-1	0	0	-1	-1	2	0	-1	-1	4	0	-1	-1	4	0	-1	-1	3	0	-1	-1	4	0	-1	-1	0	0	-1	-1	2	0	-1	-1	4	0	-1	-1	5	0	-1	-1	3	0	-1	-1	5	0	-1	-1	4	0	-1	-1	5	0	-1	-1	4	0	-1	-1	0	0	-1	-1	4	0	-1	-1	0	0	-1	-1	0	0	-1	-1	4	0	-1	-1	3	0	-1	-1	5	0	-1	-1	5	0	-1	-1	3	0	-1	-1	0	0	-1	-1	4	0	-1	-1	0	0	-1	-1	4	0	-1	-1	1	0	-1	-1	5	0	-1	-1	2	0	-1	-1	2	0	-1	-1	1	0	-1	-1	1	0	-1	-1	4	0	-1	-1	5	0	-1	-1	0	0	-1	-1	3	0	-1	-1	5	0	-1	-1	3	0	-1	-1	1	0	-1	-1	1	0	-1	-1	0	0	-1	-1	5	0	-1	-1	4	0	-1	-1	2	0	-1	-1	2	0	-1	-1	4	0	-1	-1	2	0	-1	-1	0	0	-1	-1	0	0	-1	-1	5	0	-1	-1	3	0	-1	-1	2	0	0	-1	3	0	0	-1	0	0	0	-1	1	0	0	-1	2	0	0	-1	5	0	0	-1	3	0	0	-1	5	0	0	-1	1	0	0	-1	1	0	0	-1	5	0	0	-1	4	0	0	-1	2	0	0	-1	4	0	0	-1	4	0	0	-1	0	0	0	-1	5	0	0	-1	0	0	0	-1	5	0	0	-1	1	0	0	-1	4	0	0	-1	2	0	0	-1	0	0	0	-1	4	0	0	-1	4	0	0	-1	3	0	-1	-1	4	0	0	-1	3	0	0	-1	4	0	0	-1	5	0	0	-1	3	0	0	-1	1	0	0	-1	5	0	0	-1	5	0	0	-1	2	0	0	-1	5	0	0	-1	2	0	0	-1	2	0	-1	-1	5	0	0	-1	2	0	0	-1	0	0	0	-1	5	0	0	-1	4	0	0	-1	2	0	0	-1	5	0	0	-1	2	0	0	-1	4	0	0	-1	4	0	0	-1	4	0	0	-1	2	0	-1	-1	5	0	0	-1	5	0	0	-1	3	0	0	-1	3	0	0	-1	4	0	0	-1	4	0	0	-1	2	0	0	-1	5	0	0	-1	2	0	0	-1	2	0	0	-1	0	0	0	-1	0	1	-1	-1	2	0	0	-1	4	0	0	-1	3	0	0	-1	5	0	0	-1	1	0	0	-1	0	0	0	-1	3	0	0	-1	1	0	0	-1	4	0	0	-1	1	0	0	-1	
0	1600	9-9-10-9
2	0	-1	-1	4	0	-1	-1	5	0	-1	-1	3	0	-1	-1	1	0	-1	-1	0	0	-1	-1	5	0	-1	-1	0	0	-1	-1	2	0	-1	-1	0	0	-1	-1	5	0	-1	-1	0	0	-1	-1	1	0	-1	-1	4	0	-1	-1	4	0	-1	-1	0	0	-1	-1	1	0	-1	-1	3	0	-1	-1	3	0	-1	-1	0	0	-1	-1	3	0	-1	-1	4	0	-1	-1	0	0	-1	-1	5	0	-1	-1	4	0	-1	-1	0	0	-1	-1	2	0	-1	-1	4	0	-1	-1	5	0	-1	-1	3	0	-1	-1	5	0	-1	-1	4	0	-1	-1	2	0	-1	-1	4	0	-1	-1	4	0	-1	-1	3	0	-1	-1	0	0	-1	-1	0	0	-1	-1	4	0	-1	-1	3	0	-1	-1	5	0	-1	-1	5	0	-1	-1	3	0	-1	-1	0	0	-1	-1	5	0	-1	-1	0	0	-1	-1	0	0	-1	-1	4	0	-1	-1	5	0	-1	-1	2	0	-1	-1	2	0	-1	-1	1	0	-1	-1	1	0	-1	-1	4	0	-1	-1	5	0	-1	-1	0	0	-1	-1	4	0	-1	-1	5	0	-1	-1	4	0	-1	-1	1	0	-1	-1	1	0	-1	-1	0	0	-1	-1	5	0	-1	-1	4	0	-1	-1	2	0	-1	-1	2	0	-1	-1	4	0	-1	-1	2	0	-1	-1	3	0	-1	-1	0	0	-1	-1	3	0	-1	-1	1	0	-1	-1	2	0	0	-1	3	0	0	-1	0	0	0	-1	1	0	0	-1	2	0	0	-1	5	0	0	-1	3	0	0	-1	5	0	0	-1	0	0	0	-1	1	0	0	-1	5	0	0	-1	3	0	0	-1	2	0	0	-1	4	0	0	-1	4	0	0	-1	0	0	0	-1	5	0	0	-1	0	0	0	-1	5	0	0	-1	1	0	0	-1	1	0	0	-1	2	0	0	-1	5	0	0	-1	4	0	0	-1	4	0	0	-1	3	0	-1	-1	4	0	0	-1	3	0	0	-1	4	0	0	-1	5	0	0	-1	3	0	0	-1	1	0	0	-1	4	0	0	-1	5	0	0	-1	0	0	0	-1	4	0	0	-1	2	0	0	-1	2	0	-1	-1	5	0	0	-1	2	0	0	-1	0	0	0	-1	5	0	0	-1	4	0	0	-1	2	0	0	-1	5	0	0	-1	5	0	0	-1	2	0	0	-1	5	0	0	-1	4	0	0	-1	2	0	-1	-1	5	0	0	-1	5	0	0	-1	3	0	0	-1	3	0	0	-1	4	0	0	-1	4	0	0	-1	5	0	-1	-1	2	1	-1	-1	4	0	-1	-1	4	0	-1	-1	0	0	0	-1	0	1	-1	-1	2	0	0	-1	4	0	0	-1	3	0	0	-1	5	0	0	-1	1	0	0	-1	0	0	0	-1	3	0	0	-1	1	0	0	-1	4	0	0	-1	1	0	0	-1	
0	2400	11-2-11-1
2	0	-1	-1	2	0	-1	-1	5	0	-1	-1	3	0	-1	-1	1	0	-1	-1	0	0	-1	-1	5	0	-1	-1	0	0	-1	-1	2	0	-1	-1	0	0	-1	-1	5	0	-1	-1	0	0	-1	-1	1	0	-1	-1	1	0	-1	-1	4	0	-1	-1	0	0	-1	-1	1	0	-1	-1	3	0	-1	-1	3	0	-1	-1	0	0	-1	-1	3	0	-1	-1	4	0	-1	-1	0	0	-1	-1	5	0	-1	-1	4	0	-1	-1	5	0	-1	-1	2	0	-1	-1	4	0	-1	-1	5	0	-1	-1	3	0	-1	-1	5	0	-1	-1	4	0	-1	-1	2	0	-1	-1	4	0	-1	-1	4	0	-1	-1	3	0	-1	-1	0	0	-1	-1	4	0	-1	-1	4	0	-1	-1	3	0	-1	-1	5	0	-1	-1	5	0	-1	-1	3	0	-1	-1	0	0	-1	-1	5	0	-1	-1	0	0	-1	-1	0	0	-1	-1	4	0	-1	-1	5	0	-1	-1	4	0	-1	-1	2	0	-1	-1	1	0	-1	-1	1	0	-1	-1	4	0	-1	-1	5	0	-1	-1	0	0	-1	-1	4	0	-1	-1	5	0	-1	-1	4	0	-1	-1	1	0	-1	-1	1	0	-1	-1	0	0	-1	-1	5	0	-1	-1	4	0	-1	-1	2	0	-1	-1	2	0	-1	-1	4	0	-1	-1	2	0	-1	-1	3	0	-1	-1	0	0	-1	-1	3	0	-1	-1	1	0	-1	-1	2	0	0	-1	0	0	0	-1	0	0	0	-1	1	0	0	-1	2	0	0	-1	5	0	0	-1	3	0	0	-1	5	0	0	-1	0	0	0	-1	1	0	0	-1	5	0	0	-1	3	0	0	-1	2	0	0	-1	2	0	0	-1	4	0	0	-1	0	0	0	-1	5	0	0	-1	0	0	0	-1	5	0	0	-1	1	0	0	-1	1	0	0	-1	2	0	0	-1	5	0	0	-1	4	0	0	-1	4	0	0	-1	0	0	-1	-1	4	0	0	-1	3	0	0	-1	4	0	0	-1	5	0	0	-1	3	0	0	-1	1	0	0	-1	4	0	0	-1	5	0	0	-1	0	0	0	-1	4	0	0	-1	2	0	0	-1	3	0	-1	-1	5	0	0	-1	2	0	0	-1	0	0	0	-1	5	0	0	-1	4	0	0	-1	2	0	0	-1	5	0	0	-1	5	0	0	-1	2	0	0	-1	5	0	0	-1	4	0	0	-1	4	0	-1	-1	5	0	0	-1	5	0	0	-1	3	0	0	-1	3	0	0	-1	4	0	0	-1	4	0	0	-1	5	0	-1	-1	2	1	-1	-1	4	0	-1	-1	4	0	-1	-1	0	0	0	-1	3	0	-1	-1	0	1	0	-1	4	0	0	-1	3	0	0	-1	5	0	0	-1	1	0	0	-1	0	0	0	-1	3	0	0	-1	1	0	0	-1	4	0	0	-1	1	0	0	-1	
0	3600	10-9-10-8
2	0	-1	-1	2	0	-1	-1	5	0	-1	-1	3	0	-1	-1	1	0	-1	-1	0	0	-1	-1	5	0	-1	-1	0	0	-1	-1	1	0	-1	-1	3	0	-1	-1	1	0	-1	-1	0	0	-1	-1	1	0	-1	-1	1	0	-1	-1	4	0	-1	-1	0	0	-1	-1	1	0	-1	-1	3	0	-1	-1	3	0	-1	-1	0	0	-1	-1	2	0	-1	-1	5	0	-1	-1	0	0	-1	-1	0	0	-1	-1	4	0	-1	-1	5	0	-1	-1	2	0	-1	-1	4	0	-1	-1	5	0	-1	-1	3	0	-1	-1	5	0	-1	-1	4	0	-1	-1	3	0	-1	-1	4	0	-1	-1	5	0	-1	-1	5	0	-1	-1	0	0	-1	-1	4	0	-1	-1	4	0	-1	-1	3	0	-1	-1	5	0	-1	-1	5	0	-1	-1	3	0	-1	-1	0	0	-1	-1	2	0	-1	-1	0	0	-1	-1	0	0	-1	-1	3	0	-1	-1	5	0	-1	-1	4	0	-1	-1	2	0	-1	-1	1	0	-1	-1	1	0	-1	-1	4	0	-1	-1	5	0	-1	-1	0	0	-1	-1	5	0	-1	-1	0	0	-1	-1	0	0	-1	-1	1	0	-1	-1	1	0	-1	-1	0	0	-1	-1	5	0	-1	-1	4	0	-1	-1	2	0	-1	-1	2	0	-1	-1	4	0	-1	-1	2	0	-1	-1	3	0	-1	-1	4	0	-1	-1	3	0	-1	-1	1	0	-1	-1	2	0	0	-1	0	0	0	-1	0	0	0	-1	1	0	0	-1	2	0	0	-1	5	0	0	-1	3	0	0	-1	5	0	0	-1	0	0	0	-1	0	0	0	-1	5	0	0	-1	3	0	0	-1	2	0	0	-1	2	0	0	-1	4	0	0	-1	0	0	0	-1	5	0	0	-1	0	0	0	-1	5	0	0	-1	1	0	0	-1	1	0	0	-1	5	0	0	-1	5	0	0	-1	4	0	0	-1	4	0	0	-1	0	0	-1	-1	4	0	0	-1	3	0	0	-1	4	0	0	-1	5	0	0	-1	3	0	0	-1	1	0	0	-1	4	0	0	-1	0	0	-1	-1	0	0	0	-1	4	0	0	-1	2	0	0	-1	3	0	-1	-1	5	0	0	-1	2	0	0	-1	0	0	0	-1	5	0	0	-1	4	0	0	-1	2	0	0	-1	5	0	0	-1	1	0	-1	-1	2	0	0	-1	5	0	0	-1	4	0	0	-1	4	0	-1	-1	5	0	0	-1	5	0	0	-1	3	0	0	-1	3	0	0	-1	4	0	0	-1	4	0	0	-1	2	1	-1	-1	2	0	-1	-1	4	0	-1	-1	4	0	-1	-1	0	0	0	-1	3	0	-1	-1	0	1	0	-1	4	0	0	-1	3	0	0	-1	5	0	0	-1	1	0	0	-1	0	0	0	-1	3	0	0	-1	1	0	0	-1	4	0	0	-1	1	0	0	-1	
0	7800	9-7-10-7
5	0	-1	-1	3	0	-1	-1	1	0	-1	-1	0	0	-1	-1	3	0	-1	-1	3	0	-1	-1	5	0	-1	-1	2	0	-1	-1	3	0	-1	-1	1	0	-1	-1	4	0	-1	-1	5	0	-1	-1	2	0	-1	-1	2	0	-1	-1	5	0	-1	-1	3	0	-1	-1	1	0	-1	-1	1	0	-1	-1	5	0	-1	-1	0	0	-1	-1	1	0	-1	-1	3	0	-1	-1	1	0	-1	-1	0	0	-1	-1	1	0	-1	-1	1	0	-1	-1	4	0	-1	-1	0	0	-1	-1	1	0	-1	-1	1	0	-1	-1	3	0	-1	-1	0	0	-1	-1	2	0	-1	-1	5	0	-1	-1	0	0	-1	-1	0	0	-1	-1	4	0	-1	-1	5	0	-1	-1	2	0	-1	-1	4	0	-1	-1	5	0	-1	-1	3	0	-1	-1	5	0	-1	-1	4	0	-1	-1	3	0	-1	-1	4	0	-1	-1	5	0	-1	-1	5	0	-1	-1	0	0	-1	-1	4	0	-1	-1	4	0	-1	-1	3	0	-1	-1	5	0	-1	-1	0	0	-1	-1	3	0	-1	-1	0	0	-1	-1	2	0	-1	-1	0	0	-1	-1	0	0	-1	-1	3	0	-1	-1	5	0	-1	-1	4	0	-1	-1	2	0	-1	-1	1	0	-1	-1	1	0	-1	-1	3	0	-1	-1	5	0	-1	-1	0	0	-1	-1	5	0	-1	-1	0	0	-1	-1	0	0	-1	-1	1	0	-1	-1	1	0	0	-1	0	0	0	-1	5	0	0	-1	4	0	0	-1	2	0	0	-1	3	0	0	-1	4	0	0	-1	2	0	0	-1	3	0	0	-1	4	0	0	-1	3	0	0	-1	1	0	0	-1	2	0	0	-1	0	0	0	-1	0	0	0	-1	1	0	0	-1	2	0	0	-1	5	0	0	-1	3	0	0	-1	5	0	0	-1	0	0	0	-1	0	0	0	-1	5	0	0	-1	3	0	0	-1	2	0	0	-1	2	0	-1	-1	4	0	0	-1	0	0	0	-1	5	0	0	-1	4	0	0	-1	5	0	0	-1	1	0	0	-1	1	0	0	-1	5	0	-1	-1	5	0	0	-1	4	0	0	-1	4	0	0	-1	0	0	-1	-1	4	0	0	-1	3	0	0	-1	4	0	0	-1	2	0	-1	3	3	0	0	-1	1	0	0	-1	4	0	0	-1	0	0	-1	-1	0	0	0	-1	4	0	0	-1	2	0	-1	-1	3	0	-1	-1	5	0	-1	-1	2	0	-1	0	0	0	-1	1	5	0	-1	-1	4	0	-1	2	4	0	-1	3	5	0	-1	-1	1	0	-1	-1	2	0	-1	-1	5	0	-1	-1	0	0	0	-1	3	0	-1	-1	0	1	0	-1	4	0	0	-1	3	0	0	-1	0	0	-1	-1	1	0	0	-1	0	0	0	-1	3	0	0	-1	1	0	0	-1	4	0	0	-1	1	0	0	-1	
0	13000	4-5-4-6
5	0	-1	-1	4	0	-1	-1	1	0	-1	-1	1	0	-1	-1	3	0	-1	-1	0	0	-1	-1	5	0	-1	-1	2	0	-1	-1	3	0	-1	-1	1	0	-1	-1	4	0	-1	-1	5	0	-1	-1	2	0	-1	-1	3	0	-1	-1	1	0	-1	-1	4	0	-1	-1	3	0	-1	-1	2	0	-1	-1	5	0	-1	-1	0	0	-1	-1	1	0	-1	-1	3	0	-1	-1	1	0	-1	-1	0	0	-1	-1	1	0	-1	-1	2	0	-1	-1	5	0	-1	-1	0	0	-1	-1	1	0	-1	-1	2	0	-1	-1	3	0	-1	-1	0	0	-1	-1	2	0	-1	-1	5	0	-1	-1	0	0	-1	-1	0	0	-1	-1	4	0	-1	-1	1	0	-1	-1	4	0	-1	-1	3	0	-1	-1	1	0	-1	-1	0	0	-1	-1	5	0	-1	-1	4	0	-1	-1	3	0	-1	-1	4	0	-1	-1	5	0	-1	-1	5	0	-1	-1	0	0	-1	-1	5	0	-1	-1	2	0	-1	-1	0	0	-1	-1	5	0	-1	-1	3	0	-1	-1	0	0	-1	-1	0	0	-1	-1	2	0	-1	-1	0	0	-1	-1	0	0	-1	-1	3	0	-1	-1	5	0	-1	-1	4	0	-1	-1	2	0	-1	-1	3	0	-1	-1	5	0	-1	-1	1	0	-1	-1	5	0	-1	-1	0	0	-1	-1	5	0	-1	-1	0	0	-1	-1	0	0	-1	-1	1	0	-1	-1	1	0	0	-1	0	0	0	-1	5	0	0	-1	4	0	0	-1	2	0	0	-1	3	1	-1	-1	4	0	0	-1	2	0	0	-1	3	0	0	-1	4	0	0	-1	3	0	0	-1	1	0	0	-1	2	0	0	-1	0	0	0	-1	0	0	0	-1	1	0	0	-1	2	0	0	-1	5	0	0	-1	3	0	0	-1	5	0	0	-1	0	0	0	-1	0	0	0	-1	5	0	0	-1	3	0	0	-1	2	0	0	-1	2	0	-1	-1	4	0	0	-1	0	0	0	-1	5	0	0	-1	4	0	0	-1	5	0	0	-1	1	0	0	-1	1	0	0	-1	5	0	-1	-1	5	0	0	-1	4	0	0	-1	4	0	0	-1	0	0	-1	-1	4	0	0	-1	3	0	0	-1	4	0	0	-1	2	0	-1	3	3	0	0	-1	1	0	0	-1	4	0	0	-1	0	0	-1	-1	0	0	0	-1	4	0	0	-1	2	0	-1	-1	3	0	-1	-1	5	0	-1	-1	2	0	-1	0	0	0	-1	1	5	0	-1	-1	4	0	-1	2	4	0	-1	3	5	0	-1	-1	1	0	-1	-1	2	0	-1	-1	5	0	-1	-1	0	0	0	-1	3	0	-1	-1	0	1	0	-1	4	0	0	-1	3	0	0	-1	0	0	-1	-1	1	0	0	-1	0	0	0	-1	3	0	0	-1	1	0	0	-1	4	0	0	-1	1	0	0	-1	
0	17600	7-5-8-5
5	0	-1	-1	4	0	-1	-1	1	0	-1	-1	1	0	-1	-1	5	0	-1	-1	3	0	-1	-1	1	0	-1	-1	2	0	-1	-1	3	0	-1	-1	1	0	-1	-1	4	0	-1	-1	5	0	-1	-1	2	0	-1	-1	3	0	-1	-1	1	0	-1	-1	4	0	-1	-1	3	0	-1	-1	0	0	-1	-1	5	0	-1	-1	0	0	-1	-1	1	0	-1	-1	3	0	-1	-1	1	0	-1	-1	0	0	-1	-1	1	0	-1	-1	2	0	-1	-1	5	0	-1	-1	0	0	-1	-1	3	0	-1	-1	2	0	-1	-1	5	0	-1	-1	0	0	-1	-1	2	0	-1	-1	5	0	-1	-1	0	0	-1	-1	0	0	-1	-1	4	0	-1	-1	1	0	-1	-1	4	0	-1	-1	3	0	-1	-1	1	0	-1	-1	2	0	-1	-1	3	0	-1	-1	4	0	-1	-1	3	0	-1	-1	4	0	-1	-1	5	0	-1	-1	5	0	-1	-1	0	0	-1	-1	5	0	-1	-1	2	0	-1	-1	0	0	-1	-1	1	0	-1	-1	0	0	-1	-1	5	0	-1	-1	0	0	-1	-1	2	0	-1	-1	0	0	-1	-1	0	0	-1	-1	3	0	-1	-1	5	0	-1	-1	4	0	-1	-1	2	0	-1	-1	3	0	-1	-1	5	0	-1	-1	3	0	-1	-1	0	0	-1	-1	0	0	-1	-1	5	0	-1	-1	0	0	-1	-1	0	0	-1	-1	1	0	-1	-1	1	0	0	-1	0	0	0	-1	5	0	0	-1	4	0	0	-1	5	0	0	-1	1	0	-1	-1	5	0	0	-1	2	0	0	-1	3	0	0	-1	4	0	0	-1	3	0	0	-1	1	0	0	-1	2	0	0	-1	0	0	0	-1	0	0	0	-1	1	0	0	-1	2	0	0	-1	3	1	0	-1	4	0	0	-1	5	0	0	-1	0	0	0	-1	0	0	0	-1	5	0	0	-1	3	0	0	-1	2	0	0	-1	2	0	-1	-1	4	0	0	-1	0	0	0	-1	2	0	-1	0	4	0	-1	1	3	0	-1	-1	1	0	0	-1	1	0	0	-1	5	0	-1	-1	5	0	0	-1	4	0	0	-1	4	0	0	-1	0	0	-1	-1	4	0	0	-1	3	0	0	-1	4	0	0	-1	2	0	-1	3	3	0	0	-1	1	0	0	-1	4	0	0	-1	0	0	-1	-1	0	0	0	-1	4	0	0	-1	2	0	-1	-1	3	0	-1	-1	5	0	-1	-1	2	0	-1	0	0	0	-1	1	5	0	-1	-1	4	0	-1	2	4	0	-1	3	5	0	-1	-1	1	0	-1	-1	2	0	-1	-1	5	0	-1	-1	0	0	0	-1	3	0	-1	-1	0	1	0	-1	4	0	0	-1	3	0	0	-1	0	0	-1	-1	1	0	0	-1	0	0	0	-1	3	0	0	-1	1	0	0	-1	4	0	0	-1	1	0	0	-1	
0	18200	9-5-9-4
5	0	-1	-1	4	0	-1	-1	1	0	-1	-1	3	0	-1	-1	4	0	-1	-1	1	0	-1	-1	3	0	-1	-1	5	0	-1	-1	5	0	-1	-1	1	0	-1	-1	4	0	-1	-1	5	0	-1	-1	2	0	-1	-1	3	0	-1	-1	1	0	-1	-1	1	0	-1	-1	2	0	-1	-1	2	0	-1	-1	1	0	-1	-1	2	0	-1	-1	1	0	-1	-1	3	0	-1	-1	1	0	-1	-1	0	0	-1	-1	1	0	-1	-1	2	0	-1	-1	5	0	-1	-1	4	0	-1	-1	2	0	-1	-1	3	0	-1	-1	5	0	-1	-1	0	0	-1	-1	2	0	-1	-1	5	0	-1	-1	0	0	-1	-1	0	0	-1	-1	4	0	-1	-1	1	0	-1	-1	4	0	-1	-1	0	0	-1	-1	3	0	-1	-1	0	0	-1	-1	5	0	-1	-1	0	0	-1	-1	3	0	-1	-1	4	0	-1	-1	5	0	-1	-1	5	0	-1	-1	0	0	-1	-1	5	0	-1	-1	2	0	-1	-1	3	0	-1	-1	5	0	-1	-1	2	0	-1	-1	3	0	-1	-1	4	0	-1	-1	2	0	-1	-1	0	0	-1	-1	0	0	-1	-1	3	0	-1	-1	5	0	-1	-1	4	0	-1	-1	2	0	-1	-1	0	0	-1	-1	3	0	-1	-1	2	0	-1	-1	5	0	-1	-1	0	0	-1	-1	5	0	-1	-1	0	0	-1	-1	0	0	-1	-1	1	0	-1	-1	1	0	0	-1	0	0	0	-1	5	0	0	-1	4	0	0	-1	1	0	0	-1	1	0	-1	-1	5	0	0	-1	2	0	0	-1	3	0	0	-1	4	0	0	-1	3	0	0	-1	1	0	0	-1	2	0	0	-1	0	0	0	-1	0	0	0	-1	1	0	0	-1	1	0	-1	-1	3	1	0	-1	4	0	0	-1	5	0	0	-1	0	0	0	-1	0	0	0	-1	5	0	0	-1	3	0	0	-1	2	0	0	-1	2	0	-1	-1	4	0	0	-1	0	0	0	-1	5	0	-1	0	4	0	-1	1	3	0	-1	-1	1	0	0	-1	1	0	0	-1	5	0	-1	-1	5	0	0	-1	4	0	0	-1	4	0	0	-1	0	0	-1	-1	4	0	0	-1	3	0	0	-1	5	0	-1	-1	4	0	-1	3	3	0	0	-1	1	0	0	-1	4	0	0	-1	0	0	-1	-1	0	0	0	-1	4	0	0	-1	2	0	-1	-1	3	0	-1	-1	5	0	-1	-1	2	0	-1	0	0	0	-1	1	5	0	-1	-1	4	0	-1	2	4	0	-1	3	5	0	-1	-1	1	0	-1	-1	2	0	-1	-1	5	0	-1	-1	0	0	0	-1	3	0	-1	-1	0	1	0	-1	4	0	0	-1	3	0	0	-1	0	0	-1	-1	1	0	0	-1	0	0	0	-1	3	0	0	-1	1	0	0	-1	4	0	0	-1	1	0	0	-1	
1	32800	7-5-7-6
5	0	-1	-1	4	0	-1	-1	1	0	-1	-1	3	0	-1	-1	4	0	-1	-1	4	0	-1	-1	1	0	-1	-1	3	0	-1	-1	5	0	-1	-1	1	0	-1	-1	4	0	-1	-1	5	0	-1	-1	2	0	-1	-1	3	0	-1	-1	1	0	-1	-1	1	0	-1	-1	2	0	-1	-1	3	0	-1	-1	2	0	-1	-1	5	0	-1	-1	1	0	-1	-1	3	0	-1	-1	1	0	-1	-1	0	0	-1	-1	1	0	-1	-1	2	0	-1	-1	5	0	-1	-1	4	0	-1	-1	2	0	-1	-1	5	0	-1	-1	0	0	-1	-1	2	0	-1	-1	2	0	-1	-1	5	0	-1	-1	0	0	-1	-1	0	0	-1	-1	4	0	-1	-1	1	0	-1	-1	4	0	-1	-1	0	0	-1	-1	3	0	-1	-1	5	0	-1	-1	0	0	-1	-1	0	0	-1	-1	3	0	-1	-1	4	0	-1	-1	5	0	-1	-1	5	0	-1	-1	0	0	-1	-1	5	0	-1	-1	2	0	-1	-1	3	0	-1	-1	5	0	-1	-1	1	0	-1	-1	2	0	-1	-1	0	0	-1	-1	2	0	-1	-1	0	0	-1	-1	0	0	-1	-1	3	0	-1	-1	5	0	-1	-1	4	0	-1	-1	2	0	-1	-1	0	0	-1	-1	3	0	-1	-1	2	0	-1	-1	1	0	-1	-1	4	0	-1	-1	5	0	-1	-1	0	0	-1	-1	0	0	-1	-1	1	0	-1	-1	1	0	0	-1	0	0	0	-1	5	0	0	-1	4	0	0	-1	1	0	0	-1	3	0	-1	-1	5	0	-1	-1	0	0	0	-1	3	0	0	-1	4	0	0	-1	3	0	0	-1	1	0	0	-1	2	0	0	-1	0	0	0	-1	0	0	0	-1	1	0	0	-1	1	0	-1	-1	0	0	-1	-1	5	0	-1	-1	2	0	0	-1	0	0	0	-1	0	0	0	-1	5	0	0	-1	3	0	0	-1	2	0	0	-1	2	0	-1	-1	4	0	0	-1	0	0	0	-1	5	0	-1	0	2	0	-1	1	1	0	-1	-1	5	0	0	-1	1	0	0	-1	5	0	-1	-1	5	0	0	-1	4	0	0	-1	4	0	0	-1	0	0	-1	-1	4	0	0	-1	3	0	0	-1	5	0	-1	-1	2	0	-1	3	5	0	-1	0	1	0	0	-1	4	0	0	-1	0	0	-1	-1	0	0	0	-1	4	0	0	-1	2	0	-1	-1	3	0	-1	-1	5	0	-1	-1	2	0	-1	0	0	0	-1	1	1	0	-1	-1	5	0	-1	2	1	0	-1	3	5	0	-1	-1	1	0	-1	-1	2	0	-1	-1	5	0	-1	-1	0	0	0	-1	3	0	-1	-1	0	1	0	-1	4	0	0	-1	3	0	0	-1	5	0	-1	-1	3	0	-1	-1	4	0	-1	-1	3	0	0	-1	1	0	0	-1	4	0	0	-1	1	0	0	-1	
1	56100	8-7-8-6
2	0	-1	-1	4	0	-1	-1	1	0	-1	-1	1	0	-1	-1	3	0	-1	-1	2	0	-1	-1	0	0	-1	-1	4	0	-1	-1	3	0	-1	-1	1	0	-1	-1	0	0	-1	-1	0	0	-1	-1	3	0	-1	-1	0	0	-1	-1	4	0	-1	-1	3	0	-1	-1	4	0	-1	-1	3	0	-1	-1	2	0	-1	-1	5	0	-1	-1	5	0	-1	-1	0	0	-1	-1	1	0	-1	-1	0	0	-1	-1	5	0	-1	-1	2	0	-1	-1	1	0	-1	-1	4	0	-1	-1	5	0	-1	-1	2	0	-1	-1	2	0	-1	-1	5	0	-1	-1	1	0	-1	-1	4	0	-1	-1	2	0	-1	-1	1	0	-1	-1	2	0	-1	-1	4	0	-1	-1	2	0	-1	-1	3	0	-1	-1	2	0	-1	-1	1	0	-1	-1	5	0	-1	-1	1	0	-1	-1	2	0	-1	-1	5	0	-1	-1	5	0	-1	-1	1	0	-1	-1	1	0	-1	-1	3	0	-1	-1	5	0	-1	-1	1	0	-1	-1	2	0	-1	-1	5	0	-1	-1	1	0	-1	-1	2	0	-1	-1	3	1	-1	-1	3	0	-1	-1	1	0	-1	-1	5	0	-1	-1	4	0	-1	-1	2	0	-1	-1	3	0	-1	-1	4	0	-1	-1	3	0	-1	-1	5	0	-1	-1	2	0	-1	-1	3	0	-1	-1	2	0	-1	-1	1	0	-1	-1	4	0	-1	-1	1	0	-1	-1	5	0	0	-1	1	0	-1	-1	1	0	-1	-1	3	0	0	-1	3	0	0	-1	1	0	-1	-1	4	0	-1	-1	1	0	0	-1	5	0	0	-1	3	0	-1	1	1	0	0	-1	1	0	0	-1	1	0	0	-1	5	0	-1	-1	2	0	-1	-1	4	0	0	-1	1	0	-1	-1	3	0	-1	-1	1	0	-1	-1	3	0	-1	-1	3	0	-1	2	4	0	-1	3	3	0	0	-1	3	0	0	-1	2	0	0	-1	4	0	-1	-1	0	0	-1	-1	1	0	-1	-1	1	0	-1	0	2	0	-1	1	2	0	-1	-1	5	0	-1	-1	1	0	0	-1	4	0	-1	-1	5	0	0	-1	4	0	0	-1	2	0	0	-1	2	0	-1	-1	0	0	-1	-1	3	0	0	-1	5	0	-1	-1	2	0	-1	3	1	0	-1	0	4	0	-1	-1	4	0	0	-1	5	0	-1	-1	5	0	-1	-1	4	0	0	-1	4	0	-1	-1	3	0	-1	-1	4	0	-1	-1	2	0	-1	0	5	0	-1	1	1	0	-1	-1	5	2	-1	2	2	0	-1	3	5	0	-1	-1	1	0	-1	-1	2	0	-1	-1	5	0	-1	-1	2	0	-1	-1	3	0	-1	-1	0	0	-1	-1	4	0	0	-1	3	0	0	-1	5	0	-1	-1	3	0	-1	-1	4	0	-1	-1	3	0	0	-1	1	0	0	-1	4	0	0	-1	1	0	0	-1	
2	280600	6-6-7-6
2	0	-1	-1	4	0	-1	-1	1	0	-1	-1	1	0	-1	-1	4	0	-1	-1	3	0	-1	-1	2	0	-1	-1	5	0	-1	-1	3	0	-1	-1	1	0	-1	-1	0	0	-1	-1	0	0	-1	-1	3	0	-1	-1	0	0	-1	-1	4	0	-1	-1	3	0	-1	-1	3	0	-1	-1	5	0	-1	-1	1	0	-1	-1	4	0	-1	-1	5	0	-1	-1	0	0	-1	-1	1	0	-1	-1	0	0	-1	-1	5	0	-1	-1	2	0	-1	-1	1	0	-1	-1	4	0	-1	-1	4	0	-1	-1	2	0	-1	-1	0	0	-1	-1	5	0	-1	-1	1	0	-1	-1	4	0	-1	-1	2	0	-1	-1	1	0	-1	-1	2	0	-1	-1	4	0	-1	-1	2	0	-1	-1	3	0	-1	-1	5	0	-1	-1	3	0	-1	-1	2	0	-1	-1	5	0	-1	-1	2	0	-1	-1	5	0	-1	-1	5	0	-1	-1	1	0	-1	-1	1	0	-1	-1	3	0	-1	-1	5	0	-1	-1	1	0	-1	-1	2	0	-1	-1	1	0	-1	-1	5	0	-1	-1	1	0	-1	-1	3	1	-1	-1	3	0	-1	-1	1	0	-1	-1	5	0	-1	-1	4	0	-1	-1	2	0	-1	-1	3	0	-1	-1	4	0	-1	-1	3	0	-1	-1	5	0	-1	-1	1	0	-1	-1	2	0	-1	-1	2	0	-1	-1	1	0	-1	-1	4	0	-1	-1	1	0	-1	-1	5	0	0	-1	1	0	-1	-1	1	0	-1	-1	3	0	0	-1	3	0	0	-1	5	0	-1	-1	2	0	-1	-1	3	0	-1	-1	5	0	0	-1	3	0	-1	1	1	0	0	-1	1	0	0	-1	1	0	0	-1	5	0	-1	-1	2	0	-1	-1	4	0	0	-1	1	0	-1	-1	3	0	-1	-1	4	0	-1	-1	3	0	-1	-1	3	0	-1	2	4	0	-1	3	3	0	0	-1	3	0	0	-1	2	0	0	-1	4	0	-1	-1	0	0	-1	-1	1	0	-1	-1	1	0	-1	0	2	0	-1	1	2	0	-1	-1	5	0	-1	-1	1	0	0	-1	4	0	-1	-1	5	0	0	-1	4	0	0	-1	2	0	0	-1	2	0	-1	-1	0	0	-1	-1	3	0	0	-1	5	0	-1	-1	2	0	-1	3	1	0	-1	0	4	0	-1	-1	4	0	0	-1	5	0	-1	-1	5	0	-1	-1	4	0	0	-1	4	0	-1	-1	3	0	-1	-1	4	0	-1	-1	2	0	-1	0	5	0	-1	1	1	0	-1	-1	5	2	-1	2	2	0	-1	3	5	0	-1	-1	1	0	-1	-1	2	0	-1	-1	5	0	-1	-1	2	0	-1	-1	3	0	-1	-1	0	0	-1	-1	4	0	0	-1	3	0	0	-1	5	0	-1	-1	3	0	-1	-1	4	0	-1	-1	3	0	0	-1	1	0	0	-1	4	0	0	-1	1	0	0	-1	
2	282400	6-9-7-9
2	0	-1	-1	4	0	-1	-1	1	0	-1	-1	2	0	-1	-1	5	0	-1	-1	1	0	-1	-1	3	0	-1	-1	3	0	-1	-1	4	0	-1	-1	5	0	-1	-1	3	0	-1	-1	1	0	-1	-1	3	0	-1	-1	0	0	-1	-1	4	0	-1	-1	1	0	-1	-1	4	0	-1	-1	0	0	-1	-1	5	0	-1	-1	4	0	-1	-1	5	0	-1	-1	3	0	-1	-1	5	0	-1	-1	1	0	-1	-1	5	0	-1	-1	2	0	-1	-1	1	0	-1	-1	4	0	-1	-1	4	0	-1	-1	5	0	-1	-1	2	0	-1	-1	0	0	-1	-1	4	0	-1	-1	1	0	-1	-1	1	0	-1	-1	0	0	-1	-1	2	0	-1	-1	4	0	-1	-1	2	0	-1	-1	3	0	-1	-1	5	0	-1	-1	2	0	-1	-1	1	0	-1	-1	4	0	-1	-1	3	0	-1	-1	4	0	-1	-1	2	0	-1	-1	1	0	-1	-1	1	0	-1	-1	3	0	-1	-1	5	0	-1	-1	1	0	-1	-1	2	0	-1	-1	3	0	-1	-1	0	0	-1	-1	4	0	-1	-1	1	0	-1	-1	3	0	-1	-1	5	0	-1	-1	1	0	-1	-1	4	0	-1	-1	2	0	-1	-1	3	0	-1	-1	4	0	-1	-1	3	0	-1	-1	1	0	-1	-1	2	0	-1	-1	5	0	-1	-1	2	0	-1	-1	1	0	-1	-1	1	0	-1	-1	5	0	-1	-1	5	0	0	-1	1	0	-1	-1	1	0	-1	-1	3	0	0	-1	3	0	0	-1	5	0	-1	-1	1	0	-1	-1	1	0	-1	-1	3	1	-1	-1	4	0	-1	1	4	0	0	-1	1	0	0	-1	1	0	0	-1	5	0	-1	-1	2	0	-1	-1	4	0	0	-1	1	0	-1	-1	3	0	-1	-1	4	0	-1	-1	3	0	-1	-1	5	0	-1	2	3	2	-1	3	1	0	-1	-1	1	0	-1	-1	2	0	0	-1	4	0	-1	-1	0	0	-1	-1	1	0	-1	-1	1	0	-1	0	2	0	-1	1	2	0	-1	-1	5	0	-1	-1	1	0	0	-1	4	0	-1	-1	5	0	0	-1	4	0	0	-1	2	0	0	-1	2	0	-1	-1	0	0	-1	-1	3	0	0	-1	5	0	-1	-1	2	0	-1	3	1	0	-1	0	4	0	-1	-1	4	0	0	-1	5	0	-1	-1	5	0	-1	-1	4	0	0	-1	4	0	-1	-1	3	0	-1	-1	4	0	-1	-1	2	0	-1	0	5	0	-1	1	1	0	-1	-1	5	2	-1	2	2	0	-1	3	5	0	-1	-1	1	0	-1	-1	2	0	-1	-1	5	0	-1	-1	2	0	-1	-1	3	0	-1	-1	0	0	-1	-1	4	0	0	-1	3	0	0	-1	5	0	-1	-1	3	0	-1	-1	4	0	-1	-1	3	0	0	-1	1	0	0	-1	4	0	0	-1	1	0	0	-1	
3	304000	6-8-7-8
3	0	-1	-1	1	0	-1	-1	1	0	-1	-1	0	0	-1	-1	3	0	-1	-1	1	0	-1	-1	3	0	-1	-1	1	0	-1	-1	3	0	-1	-1	4	0	-1	-1	3	0	-1	-1	1	0	-1	-1	0	0	-1	-1	4	0	-1	-1	0	0	-1	-1	5	0	-1	-1	3	0	-1	-1	2	0	-1	-1	2	0	-1	-1	3	0	-1	-1	3	0	-1	-1	4	0	-1	-1	4	0	-1	-1	1	0	-1	-1	1	0	-1	-1	4	0	-1	-1	5	0	-1	-1	2	0	-1	-1	5	0	-1	-1	0	0	-1	-1	5	0	-1	-1	2	0	-1	-1	0	0	-1	-1	2	0	-1	-1	1	0	-1	-1	5	0	-1	-1	2	0	-1	-1	3	0	-1	-1	5	1	-1	-1	0	0	-1	-1	3	0	-1	-1	5	0	-1	-1	4	0	-1	-1	5	0	-1	-1	2	0	-1	-1	4	0	-1	-1	3	0	-1	-1	5	0	-1	-1	3	0	-1	-1	3	0	-1	-1	0	0	-1	-1	0	0	-1	-1	2	0	-1	-1	0	0	-1	-1	4	0	-1	-1	2	0	-1	-1	4	0	-1	-1	4	0	-1	-1	2	0	-1	-1	3	0	-1	-1	2	0	-1	-1	1	0	-1	-1	4	0	-1	-1	3	0	-1	-1	3	0	-1	-1	2	0	-1	-1	1	0	-1	-1	3	0	-1	-1	0	0	-1	-1	5	0	-1	-1	0	0	-1	-1	4	0	-1	-1	4	0	0	-1	4	0	-1	-1	5	0	-1	-1	2	0	-1	-1	5	0	-1	-1	3	0	-1	-1	0	0	-1	-1	4	0	-1	-1	2	0	-1	-1	1	0	-1	1	2	0	-1	-1	1	0	-1	-1	1	0	-1	-1	4	0	-1	-1	1	0	-1	-1	1	0	-1	-1	3	0	-1	-1	1	0	-1	-1	2	0	-1	-1	0	0	-1	-1	3	0	-1	2	0	0	-1	3	1	0	-1	-1	1	0	-1	-1	3	0	-1	-1	0	0	-1	-1	3	0	-1	-1	4	0	-1	-1	4	0	-1	0	0	0	-1	1	1	0	-1	-1	4	0	-1	-1	4	0	-1	-1	1	0	-1	-1	1	0	-1	-1	0	0	-1	-1	2	0	-1	-1	2	0	-1	-1	1	0	-1	-1	1	0	-1	-1	3	0	-1	-1	2	0	-1	3	0	0	-1	0	1	0	-1	-1	2	0	0	-1	4	0	-1	-1	2	0	-1	-1	1	3	-1	-1	1	0	-1	-1	1	0	-1	-1	2	0	-1	-1	2	2	-1	0	4	0	-1	1	1	0	-1	-1	2	0	-1	2	4	0	-1	3	1	0	-1	-1	1	0	-1	-1	0	0	-1	-1	4	0	-1	-1	4	0	-1	-1	2	0	-1	-1	1	0	-1	-1	4	0	0	-1	4	0	-1	3	2	0	-1	-1	1	0	-1	-1	4	0	-1	-1	4	0	-1	-1	1	0	0	-1	0	0	-1	-1	1	0	0	-1	
3	460600	9-1-10-1
2	0	-1	-1	4	0	-1	-1	0	0	-1	-1	0	0	-1	-1	4	0	-1	-1	2	0	-1	-1	4	0	-1	-1	0	0	-1	-1	1	0	-1	-1	1	0	-1	-1	3	0	-1	-1	5	0	-1	-1	3	0	-1	-1	3	0	-1	-1	2	0	-1	-1	4	0	-1	-1	5	0	-1	-1	4	0	-1	-1	3	0	-1	-1	1	0	-1	-1	4	0	-1	-1	2	0	-1	-1	3	0	-1	-1	1	0	-1	-1	2	0	-1	-1	2	0	-1	-1	3	0	-1	-1	0	0	-1	-1	1	0	-1	-1	3	0	-1	-1	1	0	-1	-1	1	0	-1	-1	5	0	-1	-1	1	0	-1	-1	0	0	-1	-1	5	0	-1	-1	0	0	-1	-1	1	0	-1	-1	0	0	-1	-1	2	0	-1	-1	0	0	-1	-1	1	0	-1	-1	0	0	-1	-1	0	0	-1	-1	5	0	-1	-1	3	0	-1	-1	3	0	-1	-1	2	0	-1	-1	3	0	-1	-1	5	0	-1	-1	3	0	-1	-1	2	0	-1	-1	3	0	-1	-1	2	0	-1	-1	1	0	-1	-1	1	0	-1	-1	3	0	-1	-1	3	0	-1	-1	5	0	-1	-1	5	0	-1	-1	1	0	-1	-1	3	0	-1	-1	5	0	-1	-1	5	0	-1	-1	3	0	-1	-1	0	0	-1	-1	4	0	-1	-1	1	0	-1	-1	2	0	-1	-1	5	0	-1	-1	1	0	-1	-1	3	0	-1	-1	3	0	0	-1	4	0	-1	-1	2	0	-1	-1	3	0	-1	-1	5	0	-1	-1	4	0	-1	-1	0	0	-1	-1	4	0	-1	-1	3	1	-1	-1	4	0	-1	1	2	0	-1	-1	0	0	-1	-1	0	0	-1	-1	1	0	-1	-1	1	0	-1	-1	4	0	-1	-1	3	0	-1	-1	0	0	-1	-1	5	0	-1	-1	2	0	-1	-1	2	0	-1	2	5	0	-1	3	0	0	-1	-1	4	0	-1	-1	4	0	-1	-1	3	0	-1	-1	4	0	-1	-1	1	0	-1	-1	5	0	-1	0	5	0	-1	1	4	0	-1	-1	5	0	-1	-1	3	0	-1	-1	0	0	-1	-1	2	0	-1	-1	3	0	-1	-1	1	0	-1	-1	1	0	-1	-1	3	0	-1	-1	1	0	-1	-1	3	0	-1	-1	0	0	-1	3	1	0	-1	0	5	0	-1	-1	0	0	-1	-1	5	0	-1	-1	1	0	-1	-1	1	0	-1	-1	3	0	-1	-1	4	0	-1	-1	4	0	-1	-1	3	0	-1	0	4	0	-1	1	3	0	-1	-1	0	0	-1	2	3	0	-1	3	3	0	-1	-1	1	1	-1	-1	3	0	-1	-1	5	0	-1	-1	4	0	-1	-1	0	0	-1	-1	0	0	-1	-1	1	0	-1	-1	3	0	-1	3	1	0	-1	-1	1	0	-1	-1	4	3	-1	-1	4	0	-1	-1	1	3	-1	-1	0	0	-1	-1	5	0	-1	-1	
4	830500	-1--1--1--1
