Preamble
===============================================================================
t = gem type
bt = bonus type
i = ice layer
mp = medal portion
mu = medals uncovered
s = score
a = action
tmo = total moves
tme = total medals
r = row
c = columns
-------------------------------------------------------------------------------
tmo	tme	r	c
===============================================================================
20	3	9	9
-------------------------------------------------------------------------------

Key for state and progress information.
2 lines represent a state-action pair:
t	bt	i	mp	t	bt	i	mp	t	bt	i	mp	t	bt	i	mp	t	bt	i	mp	t	bt	i	mp	t	bt	i	mp	t	bt	i	mp	t	bt	i	mp	t	bt	i	mp	t	bt	i	mp	t	bt	i	mp	t	bt	i	mp	t	bt	i	mp	t	bt	i	mp	t	bt	i	mp	t	bt	i	mp	t	bt	i	mp	t	bt	i	mp	t	bt	i	mp	t	bt	i	mp	t	bt	i	mp	t	bt	i	mp	t	bt	i	mp	t	bt	i	mp	t	bt	i	mp	t	bt	i	mp	t	bt	i	mp	t	bt	i	mp	t	bt	i	mp	t	bt	i	mp	t	bt	i	mp	t	bt	i	mp	t	bt	i	mp	t	bt	i	mp	t	bt	i	mp	t	bt	i	mp	t	bt	i	mp	t	bt	i	mp	t	bt	i	mp	t	bt	i	mp	t	bt	i	mp	t	bt	i	mp	t	bt	i	mp	t	bt	i	mp	t	bt	i	mp	t	bt	i	mp	t	bt	i	mp	t	bt	i	mp	t	bt	i	mp	t	bt	i	mp	t	bt	i	mp	t	bt	i	mp	t	bt	i	mp	t	bt	i	mp	t	bt	i	mp	t	bt	i	mp	t	bt	i	mp	t	bt	i	mp	t	bt	i	mp	t	bt	i	mp	t	bt	i	mp	t	bt	i	mp	t	bt	i	mp	t	bt	i	mp	t	bt	i	mp	t	bt	i	mp	t	bt	i	mp	t	bt	i	mp	t	bt	i	mp	t	bt	i	mp	t	bt	i	mp	t	bt	i	mp	t	bt	i	mp	t	bt	i	mp	t	bt	i	mp	t	bt	i	mp	t	bt	i	mp	t	bt	i	mp	t	bt	i	mp	t	bt	i	mp	
===============================================================================
mu	s	a
===============================================================================

0	0	-1	-1	5	0	-1	-1	0	0	-1	-1	5	0	-1	-1	3	0	-1	-1	0	0	-1	-1	2	0	-1	-1	5	0	-1	-1	3	0	-1	-1	2	0	-1	-1	3	0	-1	-1	1	0	-1	-1	3	0	-1	-1	0	0	-1	-1	1	0	-1	-1	1	0	-1	-1	5	0	-1	-1	1	0	-1	-1	3	0	-1	-1	2	0	-1	-1	5	0	-1	-1	0	0	-1	-1	2	0	-1	-1	5	0	-1	-1	4	0	-1	-1	3	0	-1	-1	3	0	-1	-1	1	0	-1	-1	1	0	-1	-1	3	0	-1	-1	4	0	-1	-1	1	0	-1	-1	3	0	-1	-1	0	0	-1	-1	1	0	-1	-1	3	0	-1	-1	5	0	0	-1	1	0	0	-1	0	0	0	-1	1	0	0	-1	5	0	0	-1	1	0	0	-1	4	0	0	-1	1	0	0	-1	1	0	0	-1	0	0	0	-1	2	0	0	-1	0	0	0	-1	0	0	0	-1	5	0	0	-1	2	0	0	-1	2	0	0	-1	4	0	0	-1	2	0	0	-1	4	0	0	-1	1	0	0	-1	3	0	0	-1	0	0	0	-1	4	0	0	-1	4	0	0	-1	1	0	0	-1	4	0	0	-1	3	0	0	-1	3	0	0	-1	5	0	0	-1	1	0	0	-1	5	0	0	-1	5	0	0	-1	3	0	0	-1	1	0	0	-1	0	0	0	-1	2	0	0	-1	2	0	0	-1	4	0	0	-1	5	0	0	-1	2	0	0	-1	3	0	0	-1	0	0	0	-1	2	0	0	-1	1	0	0	-1	1	0	0	-1	
0	0	6-3-6-2
0	0	-1	-1	3	0	-1	-1	3	0	-1	-1	4	0	-1	-1	3	0	-1	-1	0	0	-1	-1	2	0	-1	-1	5	0	-1	-1	3	0	-1	-1	2	0	-1	-1	5	0	-1	-1	0	0	-1	-1	5	0	-1	-1	0	0	-1	-1	1	0	-1	-1	1	0	-1	-1	5	0	-1	-1	1	0	-1	-1	3	0	-1	-1	3	0	-1	-1	4	0	-1	-1	3	0	-1	-1	2	0	-1	-1	5	0	-1	-1	4	0	-1	-1	3	0	-1	-1	3	0	-1	-1	1	0	-1	-1	2	0	-1	-1	5	0	-1	-1	0	0	-1	-1	1	0	-1	-1	3	0	-1	-1	0	0	-1	-1	1	0	-1	-1	3	0	-1	-1	5	0	0	-1	1	0	-1	-1	0	0	-1	-1	4	0	-1	0	5	0	0	-1	1	0	0	-1	4	0	0	-1	1	0	0	-1	1	0	0	-1	0	0	0	-1	2	0	0	-1	5	0	-1	-1	0	0	0	-1	5	0	0	-1	2	0	0	-1	2	0	0	-1	4	0	0	-1	2	0	0	-1	4	0	0	-1	1	0	0	-1	3	0	-1	-1	3	0	0	-1	4	0	0	-1	4	0	0	-1	1	0	0	-1	4	0	0	-1	3	0	0	-1	3	0	0	-1	5	0	0	-1	1	0	0	-1	5	0	0	-1	5	0	0	-1	3	0	0	-1	1	0	0	-1	0	0	0	-1	2	0	0	-1	2	0	0	-1	4	0	0	-1	5	0	0	-1	2	0	0	-1	3	0	0	-1	0	0	0	-1	2	0	0	-1	1	0	0	-1	1	0	0	-1	
0	2400	4-6-4-7
0	0	-1	-1	3	0	-1	-1	3	0	-1	-1	4	0	-1	-1	3	0	-1	-1	0	0	-1	-1	2	0	-1	-1	0	0	-1	-1	3	0	-1	-1	2	0	-1	-1	5	0	-1	-1	0	0	-1	-1	5	0	-1	-1	0	0	-1	-1	1	0	-1	-1	1	0	-1	-1	4	0	-1	-1	1	0	-1	-1	3	0	-1	-1	3	0	-1	-1	4	0	-1	-1	3	0	-1	-1	2	0	-1	-1	5	0	-1	-1	4	0	-1	-1	1	0	-1	-1	3	0	-1	-1	1	0	-1	-1	2	0	-1	-1	5	0	-1	-1	0	0	-1	-1	1	0	-1	-1	3	0	-1	-1	0	0	-1	-1	5	0	-1	-1	3	0	-1	-1	5	0	0	-1	1	0	-1	-1	0	0	-1	-1	4	0	-1	0	5	0	0	-1	1	0	0	-1	1	0	0	-1	5	0	-1	-1	1	0	0	-1	0	0	0	-1	2	0	0	-1	5	0	-1	-1	0	0	0	-1	5	0	0	-1	2	0	0	-1	2	0	0	-1	3	0	-1	-1	2	0	0	-1	4	0	0	-1	1	0	0	-1	3	0	-1	-1	3	0	0	-1	4	0	0	-1	4	0	0	-1	1	0	0	-1	1	0	-1	-1	3	0	0	-1	3	0	0	-1	5	0	0	-1	1	0	0	-1	5	0	0	-1	5	0	0	-1	3	0	0	-1	1	0	0	-1	0	0	0	-1	2	0	0	-1	2	0	0	-1	4	0	0	-1	5	0	0	-1	2	0	0	-1	3	0	0	-1	0	0	0	-1	2	0	0	-1	1	0	0	-1	1	0	0	-1	
0	3600	6-4-7-4
0	0	-1	-1	3	0	-1	-1	3	0	-1	-1	4	0	-1	-1	2	0	-1	-1	3	0	-1	-1	0	0	-1	-1	3	0	-1	-1	3	0	-1	-1	2	0	-1	-1	5	0	-1	-1	0	0	-1	-1	5	0	-1	-1	0	0	-1	-1	2	0	-1	-1	0	0	-1	-1	0	0	-1	-1	1	0	-1	-1	3	0	-1	-1	3	0	-1	-1	4	0	-1	-1	3	0	-1	-1	2	0	-1	-1	5	0	-1	-1	1	0	-1	-1	4	0	-1	-1	3	0	-1	-1	1	0	-1	-1	2	0	-1	-1	5	0	-1	-1	0	0	-1	-1	1	1	-1	-1	5	0	-1	-1	0	0	-1	-1	5	0	-1	-1	3	0	-1	-1	5	0	0	-1	1	0	-1	-1	0	0	-1	-1	4	0	-1	0	3	0	-1	1	3	0	0	-1	1	0	0	-1	5	0	-1	-1	1	0	0	-1	0	0	0	-1	2	0	0	-1	5	0	-1	-1	0	0	0	-1	0	0	-1	3	1	0	-1	-1	2	0	-1	-1	3	0	-1	-1	2	0	0	-1	4	0	0	-1	1	0	0	-1	3	0	-1	-1	3	0	0	-1	1	0	-1	1	4	0	0	-1	4	0	-1	-1	1	0	-1	-1	3	0	0	-1	3	0	0	-1	5	0	0	-1	1	0	0	-1	5	0	0	-1	4	0	0	-1	3	0	0	-1	0	0	-1	-1	0	0	0	-1	2	0	0	-1	2	0	0	-1	4	0	0	-1	5	0	0	-1	2	0	0	-1	3	0	0	-1	0	0	0	-1	2	0	0	-1	1	0	0	-1	1	0	0	-1	
0	29400	7-4-6-4
0	0	-1	-1	3	0	-1	-1	3	0	-1	-1	4	0	-1	-1	1	0	-1	-1	1	0	-1	-1	4	0	-1	-1	3	0	-1	-1	3	0	-1	-1	2	0	-1	-1	5	0	-1	-1	0	0	-1	-1	5	0	-1	-1	2	0	-1	-1	3	0	-1	-1	0	0	-1	-1	0	0	-1	-1	1	0	-1	-1	3	0	-1	-1	3	0	-1	-1	4	0	-1	-1	3	0	-1	-1	0	0	-1	-1	2	0	-1	-1	0	0	-1	-1	4	0	-1	-1	3	0	-1	-1	1	0	-1	-1	2	0	-1	-1	5	0	-1	-1	0	0	-1	-1	2	0	-1	-1	5	0	-1	-1	1	0	-1	-1	5	0	-1	-1	3	0	-1	-1	5	0	0	-1	1	0	-1	-1	0	0	-1	-1	4	0	-1	0	1	1	-1	1	5	0	0	-1	0	0	0	-1	5	0	-1	-1	1	0	0	-1	0	0	0	-1	2	0	0	-1	5	0	-1	-1	0	0	0	-1	3	0	-1	3	3	0	-1	-1	1	0	-1	-1	3	0	-1	-1	2	0	0	-1	4	0	0	-1	1	0	0	-1	3	0	-1	-1	3	0	0	-1	0	0	-1	1	1	0	-1	-1	2	0	-1	-1	1	0	-1	-1	3	0	0	-1	3	0	0	-1	5	0	0	-1	1	0	0	-1	5	0	0	-1	1	0	0	-1	3	0	0	-1	0	0	-1	-1	0	0	0	-1	2	0	0	-1	2	0	0	-1	4	0	0	-1	5	0	0	-1	2	0	0	-1	3	0	0	-1	0	0	0	-1	2	0	0	-1	1	0	0	-1	1	0	0	-1	
0	30000	5-4-6-4
0	0	-1	-1	3	0	-1	-1	3	0	-1	-1	4	0	-1	-1	5	0	-1	-1	1	0	-1	-1	4	0	-1	-1	3	0	-1	-1	3	0	-1	-1	2	0	-1	-1	5	0	-1	-1	3	0	-1	-1	4	0	-1	-1	1	0	-1	-1	3	0	-1	-1	0	0	-1	-1	0	0	-1	-1	1	0	-1	-1	3	0	-1	-1	3	0	-1	-1	0	0	-1	-1	5	0	-1	-1	2	0	-1	-1	2	0	-1	-1	0	0	-1	-1	4	0	-1	-1	3	0	-1	-1	1	0	-1	-1	2	0	-1	-1	4	0	-1	-1	3	0	-1	-1	0	0	-1	-1	5	0	-1	-1	1	0	-1	-1	5	0	-1	-1	3	0	-1	-1	5	0	0	-1	1	0	-1	-1	5	0	-1	-1	0	0	-1	0	2	0	-1	1	5	0	0	-1	0	0	0	-1	5	0	-1	-1	1	0	0	-1	0	0	0	-1	2	0	0	-1	0	0	-1	-1	4	0	0	-1	1	1	-1	3	3	0	-1	-1	1	0	-1	-1	3	0	-1	-1	2	0	0	-1	4	0	0	-1	1	0	0	-1	5	0	-1	-1	0	0	-1	0	0	0	-1	1	1	0	-1	-1	2	0	-1	-1	1	0	-1	-1	3	0	0	-1	3	0	0	-1	5	0	0	-1	1	0	0	-1	5	0	0	-1	1	0	0	-1	3	0	0	-1	0	0	-1	-1	0	0	0	-1	2	0	0	-1	2	0	0	-1	4	0	0	-1	5	0	0	-1	2	0	0	-1	3	0	0	-1	0	0	0	-1	2	0	0	-1	1	0	0	-1	1	0	0	-1	
0	30600	5-2-6-2
5	0	-1	-1	4	0	-1	-1	0	0	-1	-1	2	0	-1	-1	3	0	-1	-1	1	0	-1	-1	4	0	-1	-1	3	0	-1	-1	3	0	-1	-1	0	0	-1	-1	3	0	-1	-1	1	0	-1	-1	5	0	-1	-1	5	0	-1	-1	3	0	-1	-1	0	0	-1	-1	0	0	-1	-1	1	0	-1	-1	2	0	-1	-1	5	0	-1	-1	3	0	-1	-1	3	0	-1	-1	1	0	-1	-1	2	0	-1	-1	0	0	-1	-1	4	0	-1	-1	3	0	-1	-1	1	0	-1	-1	2	0	-1	-1	0	0	-1	-1	5	0	-1	-1	2	0	-1	-1	5	0	-1	-1	1	0	-1	-1	5	0	-1	-1	3	0	-1	-1	5	0	0	-1	1	0	-1	-1	4	0	-1	-1	3	0	-1	0	0	0	-1	1	5	0	0	-1	0	0	0	-1	5	0	-1	-1	1	0	0	-1	0	0	0	-1	2	0	0	-1	5	0	-1	-1	0	0	0	-1	2	0	-1	3	3	0	-1	-1	1	0	-1	-1	3	0	-1	-1	2	0	0	-1	4	0	0	-1	1	0	0	-1	5	0	-1	-1	4	0	-1	0	1	1	-1	1	1	0	-1	-1	2	0	-1	-1	1	0	-1	-1	3	0	0	-1	3	0	0	-1	5	0	0	-1	1	0	0	-1	5	0	0	-1	1	0	0	-1	3	0	0	-1	0	0	-1	-1	0	0	0	-1	2	0	0	-1	2	0	0	-1	4	0	0	-1	5	0	0	-1	2	0	0	-1	3	0	0	-1	0	0	0	-1	2	0	0	-1	1	0	0	-1	1	0	0	-1	
0	36000	5-6-6-6
4	0	-1	-1	4	0	-1	-1	1	0	-1	-1	5	0	-1	-1	1	0	-1	-1	3	0	-1	-1	4	0	-1	-1	3	0	-1	-1	1	0	-1	-1	5	0	-1	-1	4	0	-1	-1	0	0	-1	-1	2	0	-1	-1	3	0	-1	-1	1	0	-1	-1	0	0	-1	-1	3	0	-1	-1	3	0	-1	-1	0	0	-1	-1	3	0	-1	-1	1	0	-1	-1	5	0	-1	-1	5	0	-1	-1	3	0	-1	-1	0	0	-1	-1	0	0	-1	-1	1	0	-1	-1	2	0	-1	-1	5	0	-1	-1	3	0	-1	-1	3	0	-1	-1	1	0	-1	-1	2	0	-1	-1	1	0	-1	-1	4	0	-1	-1	3	0	-1	-1	1	0	0	-1	2	0	-1	-1	0	0	-1	-1	5	0	-1	0	2	0	-1	1	5	0	0	-1	0	0	0	-1	5	0	-1	-1	3	0	0	-1	5	0	0	-1	1	0	0	-1	4	0	-1	-1	3	0	0	-1	0	0	-1	3	5	0	-1	-1	2	0	-1	-1	5	0	-1	-1	1	0	0	-1	0	0	-1	2	2	0	-1	3	5	0	-1	-1	0	0	-1	0	2	0	-1	1	3	0	-1	-1	1	1	-1	-1	3	0	-1	-1	2	0	-1	-1	3	0	0	-1	5	0	0	-1	1	0	0	-1	5	0	0	-1	1	0	0	-1	3	0	0	-1	0	0	-1	-1	0	0	0	-1	2	0	0	-1	2	0	0	-1	4	0	0	-1	5	0	0	-1	2	0	0	-1	3	0	0	-1	0	0	0	-1	2	0	0	-1	1	0	0	-1	1	0	0	-1	
0	38200	7-3-7-2
4	0	-1	-1	4	0	-1	-1	1	0	-1	-1	5	0	-1	-1	1	0	-1	-1	3	0	-1	-1	4	0	-1	-1	3	0	-1	-1	1	0	-1	-1	5	0	-1	-1	4	0	-1	-1	1	0	-1	-1	2	0	-1	-1	3	0	-1	-1	1	0	-1	-1	0	0	-1	-1	3	0	-1	-1	3	0	-1	-1	0	0	-1	-1	3	0	-1	-1	4	0	-1	-1	5	0	-1	-1	5	0	-1	-1	3	0	-1	-1	0	0	-1	-1	0	0	-1	-1	1	0	-1	-1	2	0	-1	-1	5	0	-1	-1	1	0	-1	-1	3	0	-1	-1	1	0	-1	-1	2	0	-1	-1	1	0	-1	-1	4	0	-1	-1	3	0	-1	-1	1	0	0	-1	2	0	-1	-1	0	0	-1	-1	5	0	-1	0	2	0	-1	1	5	0	0	-1	0	0	0	-1	5	0	-1	-1	3	0	0	-1	5	0	0	-1	1	0	0	-1	1	0	-1	-1	3	0	0	-1	0	0	-1	3	5	0	-1	-1	2	0	-1	-1	5	0	-1	-1	1	0	0	-1	0	0	-1	2	2	0	-1	3	3	0	-1	-1	0	0	-1	0	2	0	-1	1	3	0	-1	-1	1	1	-1	-1	3	0	-1	-1	2	0	-1	-1	3	0	0	-1	5	0	0	-1	0	0	-1	-1	1	0	0	-1	1	0	0	-1	3	0	0	-1	0	0	-1	-1	0	0	0	-1	2	0	0	-1	2	0	0	-1	4	0	0	-1	4	0	-1	-1	2	0	0	-1	3	0	0	-1	0	0	0	-1	2	0	0	-1	1	0	0	-1	1	0	0	-1	
0	39400	8-4-8-5
4	0	-1	-1	4	0	-1	-1	1	0	-1	-1	2	0	-1	-1	3	0	-1	-1	1	0	-1	-1	4	0	-1	-1	3	0	-1	-1	1	0	-1	-1	5	0	-1	-1	4	0	-1	-1	1	0	-1	-1	5	0	-1	-1	1	0	-1	-1	2	0	-1	-1	0	0	-1	-1	3	0	-1	-1	3	0	-1	-1	0	0	-1	-1	3	0	-1	-1	4	0	-1	-1	2	0	-1	-1	3	0	-1	-1	2	0	-1	-1	0	0	-1	-1	0	0	-1	-1	1	0	-1	-1	2	0	-1	-1	5	0	-1	-1	1	0	-1	-1	3	0	-1	-1	1	0	-1	-1	3	0	-1	-1	1	0	-1	-1	4	0	-1	-1	3	0	-1	-1	1	0	0	-1	2	0	-1	-1	0	0	-1	-1	5	0	-1	0	2	0	-1	1	1	0	0	-1	0	0	0	-1	5	0	-1	-1	3	0	0	-1	5	0	0	-1	1	0	0	-1	1	0	-1	-1	3	0	0	-1	0	0	-1	3	3	0	-1	-1	2	0	-1	-1	5	0	-1	-1	1	0	0	-1	0	0	-1	2	2	0	-1	3	3	0	-1	-1	0	0	-1	0	2	0	-1	1	2	0	-1	-1	1	1	-1	-1	3	0	-1	-1	2	0	-1	-1	3	0	0	-1	5	0	0	-1	0	0	-1	-1	1	0	0	-1	1	0	0	-1	5	0	-1	-1	0	0	-1	-1	0	0	0	-1	2	0	0	-1	2	0	0	-1	4	0	0	-1	4	0	-1	-1	2	0	0	-1	0	0	0	-1	5	0	-1	-1	2	0	0	-1	1	0	0	-1	1	0	0	-1	
0	41800	4-0-5-0
1	0	-1	-1	5	0	-1	-1	0	0	-1	-1	2	0	-1	-1	3	0	-1	-1	1	0	-1	-1	4	0	-1	-1	3	0	-1	-1	1	0	-1	-1	4	0	-1	-1	4	0	-1	-1	1	0	-1	-1	5	0	-1	-1	1	0	-1	-1	2	0	-1	-1	0	0	-1	-1	3	0	-1	-1	3	0	-1	-1	5	0	-1	-1	4	0	-1	-1	1	0	-1	-1	2	0	-1	-1	3	0	-1	-1	2	0	-1	-1	0	0	-1	-1	0	0	-1	-1	1	0	-1	-1	0	0	-1	-1	3	0	-1	-1	4	0	-1	-1	3	0	-1	-1	1	0	-1	-1	3	0	-1	-1	1	0	-1	-1	4	0	-1	-1	3	0	-1	-1	2	0	0	-1	5	0	-1	-1	1	0	-1	-1	5	0	-1	0	2	0	-1	1	1	0	0	-1	0	0	0	-1	5	0	-1	-1	3	0	0	-1	5	0	-1	-1	2	0	-1	-1	0	0	-1	-1	3	0	0	-1	0	0	-1	3	3	0	-1	-1	2	0	-1	-1	5	0	-1	-1	1	0	0	-1	0	0	-1	2	2	0	-1	3	3	0	-1	-1	0	0	-1	0	2	0	-1	1	2	0	-1	-1	1	1	-1	-1	3	0	-1	-1	2	0	-1	-1	3	0	0	-1	5	0	0	-1	0	0	-1	-1	1	0	0	-1	1	0	0	-1	5	0	-1	-1	0	0	-1	-1	0	0	0	-1	2	0	0	-1	2	0	0	-1	4	0	0	-1	4	0	-1	-1	2	0	0	-1	0	0	0	-1	5	0	-1	-1	2	0	0	-1	1	0	0	-1	1	0	0	-1	
1	46400	5-3-6-3
1	0	-1	-1	5	0	-1	-1	0	0	-1	-1	1	0	-1	-1	5	0	-1	-1	1	0	-1	-1	4	0	-1	-1	3	0	-1	-1	1	0	-1	-1	4	0	-1	-1	4	0	-1	-1	0	0	-1	-1	2	0	-1	-1	3	0	-1	-1	2	0	-1	-1	0	0	-1	-1	3	0	-1	-1	3	0	-1	-1	5	0	-1	-1	4	0	-1	-1	1	0	-1	-1	5	0	-1	-1	1	0	-1	-1	2	0	-1	-1	0	0	-1	-1	0	0	-1	-1	1	0	-1	-1	0	0	-1	-1	3	0	-1	-1	1	0	-1	-1	2	0	-1	-1	3	0	-1	-1	3	0	-1	-1	1	0	-1	-1	4	0	-1	-1	3	0	-1	-1	2	0	0	-1	5	0	-1	-1	4	0	-1	-1	3	0	-1	0	1	0	-1	1	1	0	0	-1	0	0	0	-1	5	0	-1	-1	3	0	0	-1	5	0	-1	-1	2	0	-1	-1	1	0	-1	-1	5	0	-1	-1	2	0	-1	3	3	0	-1	-1	2	0	-1	-1	5	0	-1	-1	1	0	0	-1	0	0	-1	2	2	0	-1	3	3	0	-1	-1	3	0	-1	0	2	0	-1	1	2	0	-1	-1	1	1	-1	-1	3	0	-1	-1	2	0	-1	-1	3	0	0	-1	5	0	0	-1	0	0	-1	-1	1	0	0	-1	1	0	0	-1	5	0	-1	-1	0	0	-1	-1	0	0	0	-1	2	0	0	-1	2	0	0	-1	4	0	0	-1	4	0	-1	-1	2	0	0	-1	0	0	0	-1	5	0	-1	-1	2	0	0	-1	1	0	0	-1	1	0	0	-1	
2	51000	5-6-6-6
1	0	-1	-1	5	0	-1	-1	0	0	-1	-1	2	0	-1	-1	3	0	-1	-1	5	0	-1	-1	5	0	-1	-1	3	0	-1	-1	1	0	-1	-1	4	0	-1	-1	4	0	-1	-1	0	0	-1	-1	1	0	-1	-1	2	0	-1	-1	1	0	-1	-1	4	0	-1	-1	3	0	-1	-1	3	0	-1	-1	5	0	-1	-1	4	0	-1	-1	1	0	-1	-1	2	0	-1	-1	5	0	-1	-1	1	0	-1	-1	0	0	-1	-1	0	0	-1	-1	1	0	-1	-1	0	0	-1	-1	3	0	-1	-1	1	0	-1	-1	5	0	-1	-1	3	0	-1	-1	2	0	-1	-1	0	0	-1	-1	4	0	-1	-1	3	0	-1	-1	2	0	0	-1	5	0	-1	-1	4	0	-1	-1	2	0	-1	0	1	0	-1	1	2	0	-1	-1	1	0	0	-1	5	0	-1	-1	3	0	0	-1	5	0	-1	-1	2	0	-1	-1	1	0	-1	-1	5	0	-1	-1	1	0	-1	3	1	0	-1	-1	0	0	-1	-1	5	0	-1	-1	1	0	0	-1	0	0	-1	2	2	0	-1	3	3	0	-1	-1	3	0	-1	0	2	0	-1	1	3	0	-1	-1	1	1	-1	-1	3	0	-1	-1	2	0	-1	-1	3	0	0	-1	5	0	0	-1	0	0	-1	-1	1	0	0	-1	1	0	0	-1	5	0	-1	-1	0	0	-1	-1	0	0	0	-1	2	0	0	-1	2	0	0	-1	4	0	0	-1	4	0	-1	-1	2	0	0	-1	0	0	0	-1	5	0	-1	-1	2	0	0	-1	1	0	0	-1	1	0	0	-1	
2	52800	6-5-6-4
1	0	-1	-1	5	0	-1	-1	4	0	-1	-1	5	0	-1	-1	1	0	-1	-1	5	0	-1	-1	5	0	-1	-1	3	0	-1	-1	1	0	-1	-1	4	0	-1	-1	4	0	-1	-1	0	0	-1	-1	2	0	-1	-1	1	0	-1	-1	1	0	-1	-1	4	0	-1	-1	3	0	-1	-1	3	0	-1	-1	5	0	-1	-1	4	0	-1	-1	0	0	-1	-1	1	0	-1	-1	4	0	-1	-1	1	0	-1	-1	0	0	-1	-1	0	0	-1	-1	1	0	-1	-1	0	0	-1	-1	3	0	-1	-1	1	0	-1	-1	2	0	-1	-1	3	0	-1	-1	2	0	-1	-1	0	0	-1	-1	4	0	-1	-1	3	0	-1	-1	2	0	0	-1	5	0	-1	-1	1	0	-1	-1	5	0	-1	0	3	0	-1	1	2	0	-1	-1	1	0	0	-1	5	0	-1	-1	3	0	0	-1	5	0	-1	-1	2	0	-1	-1	4	0	-1	-1	2	0	-1	-1	2	0	-1	3	1	0	-1	-1	0	0	-1	-1	5	0	-1	-1	1	0	0	-1	0	0	-1	2	2	0	-1	3	1	0	-1	-1	5	0	-1	0	5	0	-1	1	2	0	-1	-1	1	1	-1	-1	3	0	-1	-1	2	0	-1	-1	3	0	0	-1	5	0	0	-1	0	0	-1	-1	1	0	0	-1	3	0	-1	3	5	0	-1	-1	0	0	-1	-1	0	0	0	-1	2	0	0	-1	2	0	0	-1	4	0	0	-1	4	0	-1	-1	2	0	0	-1	0	0	0	-1	5	0	-1	-1	2	0	0	-1	1	0	0	-1	1	0	0	-1	
2	55800	6-5-5-5
1	0	-1	-1	5	0	-1	-1	4	0	-1	-1	1	0	-1	-1	5	0	-1	-1	3	0	-1	-1	5	0	-1	-1	3	0	-1	-1	1	0	-1	-1	4	0	-1	-1	4	0	-1	-1	0	0	-1	-1	5	0	-1	-1	1	0	-1	-1	4	0	-1	-1	4	0	-1	-1	3	0	-1	-1	3	0	-1	-1	5	0	-1	-1	4	0	-1	-1	0	0	-1	-1	2	0	-1	-1	1	0	-1	-1	5	0	-1	-1	0	0	-1	-1	0	0	-1	-1	1	0	-1	-1	0	0	-1	-1	3	0	-1	-1	1	0	-1	-1	1	0	-1	-1	4	0	-1	-1	1	0	-1	-1	0	0	-1	-1	4	0	-1	-1	3	0	-1	-1	2	0	0	-1	5	0	-1	-1	1	0	-1	-1	2	0	-1	0	3	0	-1	1	1	0	-1	-1	1	0	0	-1	5	0	-1	-1	3	0	0	-1	5	0	-1	-1	2	0	-1	-1	4	0	-1	-1	5	0	-1	-1	3	0	-1	3	2	3	-1	-1	0	0	-1	-1	5	0	-1	-1	1	0	0	-1	0	0	-1	2	2	0	-1	3	1	0	-1	-1	5	0	-1	0	5	0	-1	1	1	0	-1	-1	1	1	-1	-1	3	0	-1	-1	2	0	-1	-1	3	0	0	-1	5	0	0	-1	0	0	-1	-1	1	0	0	-1	3	0	-1	3	5	0	-1	-1	0	0	-1	-1	0	0	0	-1	2	0	0	-1	2	0	0	-1	4	0	0	-1	4	0	-1	-1	2	0	0	-1	0	0	0	-1	5	0	-1	-1	2	0	0	-1	1	0	0	-1	1	0	0	-1	
2	57300	5-5-6-5
1	0	-1	-1	5	0	-1	-1	4	0	-1	-1	1	0	-1	-1	5	0	-1	-1	2	0	-1	-1	5	0	-1	-1	3	0	-1	-1	1	0	-1	-1	4	0	-1	-1	4	0	-1	-1	0	0	-1	-1	5	0	-1	-1	1	0	-1	-1	5	0	-1	-1	4	0	-1	-1	3	0	-1	-1	3	0	-1	-1	5	0	-1	-1	4	0	-1	-1	0	0	-1	-1	2	0	-1	-1	1	0	-1	-1	2	0	-1	-1	0	0	-1	-1	0	0	-1	-1	1	0	-1	-1	0	0	-1	-1	3	0	-1	-1	1	0	-1	-1	1	0	-1	-1	4	0	-1	-1	3	0	-1	-1	0	0	-1	-1	4	0	-1	-1	3	0	-1	-1	2	0	0	-1	5	0	-1	-1	1	0	-1	-1	2	0	-1	0	3	0	-1	1	4	0	-1	-1	1	0	0	-1	5	0	-1	-1	3	0	0	-1	5	0	-1	-1	2	0	-1	-1	4	0	-1	-1	5	0	-1	-1	3	0	-1	3	5	0	-1	-1	0	0	-1	-1	5	0	-1	-1	1	0	0	-1	0	0	-1	2	2	0	-1	3	1	0	-1	-1	5	0	-1	0	5	0	-1	1	2	3	-1	-1	1	1	-1	-1	3	0	-1	-1	2	0	-1	-1	3	0	0	-1	5	0	0	-1	0	0	-1	-1	1	0	0	-1	3	0	-1	3	5	0	-1	-1	0	0	-1	-1	0	0	0	-1	2	0	0	-1	2	0	0	-1	4	0	0	-1	4	0	-1	-1	2	0	0	-1	0	0	0	-1	5	0	-1	-1	2	0	0	-1	1	0	0	-1	1	0	0	-1	
2	58500	7-5-6-5
1	0	-1	-1	5	0	-1	-1	4	0	-1	-1	0	0	-1	-1	3	0	-1	-1	3	0	-1	-1	5	0	-1	-1	3	0	-1	-1	1	0	-1	-1	4	0	-1	-1	4	0	-1	-1	0	0	-1	-1	2	0	-1	-1	5	0	-1	-1	1	0	-1	-1	4	0	-1	-1	3	0	-1	-1	3	0	-1	-1	5	0	-1	-1	4	0	-1	-1	0	0	-1	-1	1	0	-1	-1	1	0	-1	-1	2	0	-1	-1	0	0	-1	-1	0	0	-1	-1	1	0	-1	-1	0	0	-1	-1	3	0	-1	-1	1	0	-1	-1	5	0	-1	-1	1	0	-1	-1	5	0	-1	-1	0	0	-1	-1	4	0	-1	-1	3	0	-1	-1	2	0	0	-1	5	0	-1	-1	1	0	-1	-1	1	0	-1	0	5	0	-1	1	3	0	-1	-1	1	0	0	-1	5	0	-1	-1	3	0	0	-1	5	0	-1	-1	2	0	-1	-1	4	0	-1	-1	2	0	-1	-1	1	0	-1	3	4	0	-1	-1	0	0	-1	-1	5	0	-1	-1	1	0	0	-1	0	0	-1	2	2	0	-1	3	1	0	-1	-1	5	0	-1	0	1	0	-1	1	5	0	-1	-1	1	1	-1	-1	3	0	-1	-1	2	0	-1	-1	3	0	0	-1	5	0	0	-1	0	0	-1	-1	1	0	0	-1	4	0	-1	3	2	3	-1	-1	0	0	-1	-1	0	0	0	-1	2	0	0	-1	2	0	0	-1	4	0	0	-1	4	0	-1	-1	2	0	0	-1	0	0	0	-1	5	0	-1	-1	2	0	0	-1	1	0	0	-1	1	0	0	-1	
2	63300	4-4-4-3
1	0	-1	-1	5	0	-1	-1	4	0	-1	-1	0	0	-1	-1	2	0	-1	-1	3	0	-1	-1	5	0	-1	-1	3	0	-1	-1	1	0	-1	-1	4	0	-1	-1	4	0	-1	-1	0	0	-1	-1	2	0	-1	-1	0	0	-1	-1	1	0	-1	-1	4	0	-1	-1	3	0	-1	-1	3	0	-1	-1	5	0	-1	-1	4	0	-1	-1	0	0	-1	-1	1	0	-1	-1	5	0	-1	-1	2	0	-1	-1	0	0	-1	-1	0	0	-1	-1	1	0	-1	-1	0	0	-1	-1	3	0	-1	-1	1	0	-1	-1	5	0	-1	-1	0	0	-1	-1	5	0	-1	-1	0	0	-1	-1	4	0	-1	-1	3	0	-1	-1	2	0	0	-1	5	0	-1	-1	1	0	-1	-1	5	0	-1	0	3	0	-1	1	3	0	-1	-1	1	0	0	-1	5	0	-1	-1	3	0	0	-1	5	0	-1	-1	2	0	-1	-1	4	0	-1	-1	2	0	-1	-1	5	0	-1	3	4	0	-1	-1	0	0	-1	-1	5	0	-1	-1	1	0	0	-1	0	0	-1	2	2	0	-1	3	1	0	-1	-1	5	0	-1	0	1	2	-1	1	5	0	-1	-1	1	1	-1	-1	3	0	-1	-1	2	0	-1	-1	3	0	0	-1	5	0	0	-1	0	0	-1	-1	1	0	0	-1	4	0	-1	3	2	3	-1	-1	0	0	-1	-1	0	0	0	-1	2	0	0	-1	2	0	0	-1	4	0	0	-1	4	0	-1	-1	2	0	0	-1	0	0	0	-1	5	0	-1	-1	2	0	0	-1	1	0	0	-1	1	0	0	-1	
2	68200	6-3-7-3
1	0	-1	-1	5	0	-1	-1	0	0	-1	-1	2	0	-1	-1	3	0	-1	-1	3	0	-1	-1	2	0	-1	-1	4	0	-1	-1	1	0	-1	-1	4	0	-1	-1	4	0	-1	-1	1	0	-1	-1	3	0	-1	-1	2	0	-1	-1	3	0	-1	-1	2	0	-1	-1	3	0	-1	-1	0	0	-1	-1	5	0	-1	-1	4	0	-1	-1	2	0	-1	-1	0	0	-1	-1	0	0	-1	-1	2	0	-1	-1	4	0	-1	-1	3	0	-1	-1	4	0	-1	-1	0	0	-1	-1	3	0	-1	-1	4	0	-1	-1	2	0	-1	-1	5	0	-1	-1	5	0	-1	-1	1	0	-1	-1	0	0	-1	-1	3	0	-1	-1	2	0	0	-1	5	0	-1	-1	0	0	-1	-1	5	0	-1	0	0	0	-1	1	3	0	-1	-1	0	0	-1	-1	4	0	-1	-1	0	0	-1	-1	5	0	-1	-1	2	0	-1	-1	0	0	-1	-1	5	0	-1	-1	3	0	-1	3	4	0	-1	-1	5	0	-1	-1	5	0	-1	-1	0	0	-1	-1	0	0	-1	2	2	0	-1	3	4	0	-1	-1	2	0	-1	0	5	0	-1	1	5	0	-1	-1	3	0	-1	-1	5	0	-1	-1	1	0	-1	-1	3	0	0	-1	5	0	0	-1	0	0	-1	-1	5	0	0	-1	4	0	-1	3	2	3	-1	-1	5	0	-1	-1	3	0	0	-1	2	0	0	-1	2	0	0	-1	4	0	0	-1	4	0	-1	-1	2	0	0	-1	0	0	0	-1	5	0	-1	-1	3	0	-1	-1	0	0	-1	-1	2	0	-1	-1	
2	96600	6-4-6-3
1	0	-1	-1	5	0	-1	-1	0	0	-1	-1	3	0	-1	-1	4	0	-1	-1	3	0	-1	-1	2	0	-1	-1	4	0	-1	-1	1	0	-1	-1	4	0	-1	-1	4	0	-1	-1	1	0	-1	-1	1	0	-1	-1	2	0	-1	-1	3	0	-1	-1	2	0	-1	-1	3	0	-1	-1	0	0	-1	-1	5	0	-1	-1	4	0	-1	-1	2	0	-1	-1	1	0	-1	-1	0	0	-1	-1	2	0	-1	-1	4	0	-1	-1	3	0	-1	-1	4	0	-1	-1	0	0	-1	-1	3	0	-1	-1	4	0	-1	-1	2	0	-1	-1	5	0	-1	-1	5	0	-1	-1	1	0	-1	-1	0	0	-1	-1	3	0	-1	-1	2	0	0	-1	5	0	-1	-1	0	0	-1	-1	3	0	-1	0	0	0	-1	1	3	0	-1	-1	0	0	-1	-1	4	0	-1	-1	0	0	-1	-1	5	0	-1	-1	2	0	-1	-1	0	0	-1	-1	0	0	-1	-1	3	0	-1	3	4	0	-1	-1	5	0	-1	-1	5	0	-1	-1	0	0	-1	-1	0	0	-1	2	2	0	-1	3	4	0	-1	-1	2	0	-1	0	2	0	-1	1	5	0	-1	-1	3	0	-1	-1	5	0	-1	-1	1	0	-1	-1	3	0	0	-1	5	0	0	-1	0	0	-1	-1	5	1	-1	-1	4	0	-1	3	2	3	-1	-1	5	0	-1	-1	3	0	0	-1	2	0	0	-1	2	0	0	-1	4	0	0	-1	4	0	-1	-1	2	0	0	-1	0	0	0	-1	5	0	-1	-1	3	0	-1	-1	0	0	-1	-1	2	0	-1	-1	
3	107400	-1--1--1--1
