Preamble
===============================================================================
t = gem type
bt = bonus type
i = ice layer
mp = medal portion
mu = medals uncovered
s = score
a = action
tmo = total moves
tme = total medals
r = row
c = columns
-------------------------------------------------------------------------------
tmo	tme	r	c
===============================================================================
20	3	9	9
-------------------------------------------------------------------------------

Key for state and progress information.
2 lines represent a state-action pair:
t	bt	i	mp	t	bt	i	mp	t	bt	i	mp	t	bt	i	mp	t	bt	i	mp	t	bt	i	mp	t	bt	i	mp	t	bt	i	mp	t	bt	i	mp	t	bt	i	mp	t	bt	i	mp	t	bt	i	mp	t	bt	i	mp	t	bt	i	mp	t	bt	i	mp	t	bt	i	mp	t	bt	i	mp	t	bt	i	mp	t	bt	i	mp	t	bt	i	mp	t	bt	i	mp	t	bt	i	mp	t	bt	i	mp	t	bt	i	mp	t	bt	i	mp	t	bt	i	mp	t	bt	i	mp	t	bt	i	mp	t	bt	i	mp	t	bt	i	mp	t	bt	i	mp	t	bt	i	mp	t	bt	i	mp	t	bt	i	mp	t	bt	i	mp	t	bt	i	mp	t	bt	i	mp	t	bt	i	mp	t	bt	i	mp	t	bt	i	mp	t	bt	i	mp	t	bt	i	mp	t	bt	i	mp	t	bt	i	mp	t	bt	i	mp	t	bt	i	mp	t	bt	i	mp	t	bt	i	mp	t	bt	i	mp	t	bt	i	mp	t	bt	i	mp	t	bt	i	mp	t	bt	i	mp	t	bt	i	mp	t	bt	i	mp	t	bt	i	mp	t	bt	i	mp	t	bt	i	mp	t	bt	i	mp	t	bt	i	mp	t	bt	i	mp	t	bt	i	mp	t	bt	i	mp	t	bt	i	mp	t	bt	i	mp	t	bt	i	mp	t	bt	i	mp	t	bt	i	mp	t	bt	i	mp	t	bt	i	mp	t	bt	i	mp	t	bt	i	mp	t	bt	i	mp	t	bt	i	mp	t	bt	i	mp	t	bt	i	mp	t	bt	i	mp	t	bt	i	mp	t	bt	i	mp	t	bt	i	mp	t	bt	i	mp	
===============================================================================
mu	s	a
===============================================================================

1	0	-1	-1	3	0	-1	-1	0	0	-1	-1	3	0	-1	-1	5	0	-1	-1	3	0	-1	-1	3	0	-1	-1	4	0	-1	-1	3	0	-1	-1	5	0	-1	-1	2	0	-1	-1	5	0	-1	-1	4	0	-1	-1	4	0	-1	-1	1	0	-1	-1	5	0	-1	-1	0	0	-1	-1	5	0	-1	-1	2	0	-1	-1	2	0	-1	-1	1	0	-1	-1	3	0	-1	-1	1	0	-1	-1	4	0	-1	-1	3	0	-1	-1	3	0	-1	-1	0	0	-1	-1	0	0	-1	-1	4	0	-1	-1	0	0	-1	-1	2	0	-1	-1	4	0	-1	-1	4	0	-1	-1	3	0	-1	-1	4	0	-1	-1	1	0	-1	-1	0	0	0	-1	2	0	0	-1	0	0	0	-1	0	0	0	-1	4	0	0	-1	0	0	0	-1	2	0	0	-1	0	0	0	-1	4	0	0	-1	1	0	0	-1	1	0	0	-1	4	0	0	-1	4	0	0	-1	0	0	0	-1	5	0	0	-1	1	0	0	-1	0	0	0	-1	0	0	0	-1	1	0	0	-1	3	0	0	-1	2	0	0	-1	3	0	0	-1	0	0	0	-1	5	0	0	-1	1	0	0	-1	2	0	0	-1	2	0	0	-1	4	0	0	-1	4	0	0	-1	5	0	0	-1	0	0	0	-1	5	0	0	-1	1	0	0	-1	4	0	0	-1	2	0	0	-1	0	0	0	-1	4	0	0	-1	5	0	0	-1	2	0	0	-1	3	0	0	-1	0	0	0	-1	0	0	0	-1	5	0	0	-1	1	0	0	-1	2	0	0	-1	
0	0	7-4-7-3
1	0	-1	-1	3	0	-1	-1	0	0	-1	-1	3	0	-1	-1	4	0	-1	-1	3	0	-1	-1	3	0	-1	-1	4	0	-1	-1	3	0	-1	-1	5	0	-1	-1	2	0	-1	-1	5	0	-1	-1	4	0	-1	-1	4	0	-1	-1	1	0	-1	-1	5	0	-1	-1	0	0	-1	-1	5	0	-1	-1	2	0	-1	-1	2	0	-1	-1	1	0	-1	-1	3	0	-1	-1	1	0	-1	-1	4	0	-1	-1	3	0	-1	-1	3	0	-1	-1	0	0	-1	-1	0	0	-1	-1	4	0	-1	-1	0	0	-1	-1	2	0	-1	-1	5	0	-1	-1	4	0	-1	-1	3	0	-1	-1	4	0	-1	-1	1	0	-1	-1	0	0	0	-1	2	0	0	-1	0	0	0	-1	0	0	0	-1	4	0	0	-1	0	0	0	-1	2	0	0	-1	0	0	0	-1	4	0	0	-1	1	0	0	-1	1	0	0	-1	4	0	0	-1	4	0	0	-1	1	0	-1	-1	5	0	0	-1	1	0	0	-1	0	0	0	-1	0	0	0	-1	1	0	0	-1	3	0	0	-1	2	0	0	-1	3	0	0	-1	4	0	-1	-1	5	0	0	-1	1	0	0	-1	2	0	0	-1	2	0	0	-1	4	0	0	-1	4	0	0	-1	5	0	0	-1	5	0	0	-1	4	0	-1	-1	1	0	0	-1	4	0	0	-1	2	0	0	-1	0	0	0	-1	4	0	0	-1	5	0	0	-1	2	0	0	-1	3	0	0	-1	0	1	-1	-1	0	0	0	-1	5	0	0	-1	1	0	0	-1	2	0	0	-1	
0	1600	7-6-7-5
1	0	-1	-1	3	0	-1	-1	0	0	-1	-1	3	0	-1	-1	4	0	-1	-1	3	0	-1	-1	3	0	-1	-1	4	0	-1	-1	3	0	-1	-1	5	0	-1	-1	2	0	-1	-1	5	0	-1	-1	4	0	-1	-1	4	0	-1	-1	1	0	-1	-1	3	0	-1	-1	0	0	-1	-1	5	0	-1	-1	2	0	-1	-1	2	0	-1	-1	1	0	-1	-1	3	0	-1	-1	1	0	-1	-1	4	0	-1	-1	0	0	-1	-1	3	0	-1	-1	0	0	-1	-1	0	0	-1	-1	4	0	-1	-1	0	0	-1	-1	2	0	-1	-1	5	0	-1	-1	4	0	-1	-1	3	0	-1	-1	4	0	-1	-1	1	0	-1	-1	0	0	0	-1	2	0	0	-1	0	0	0	-1	0	0	0	-1	4	0	0	-1	0	0	0	-1	5	0	0	-1	0	0	0	-1	4	0	0	-1	1	0	0	-1	1	0	0	-1	4	0	0	-1	4	0	0	-1	1	0	-1	-1	5	0	0	-1	3	0	-1	-1	0	0	0	-1	0	0	0	-1	1	0	0	-1	3	0	0	-1	2	0	0	-1	3	0	0	-1	4	0	-1	-1	5	0	0	-1	3	0	-1	-1	2	0	0	-1	2	0	0	-1	4	0	0	-1	4	0	0	-1	5	0	0	-1	5	0	0	-1	4	0	-1	-1	4	0	0	-1	2	0	-1	-1	2	0	0	-1	0	0	0	-1	4	0	0	-1	5	0	0	-1	2	0	0	-1	3	0	0	-1	0	1	-1	-1	0	0	0	-1	5	0	0	-1	1	0	0	-1	2	0	0	-1	
0	2800	6-6-7-6
1	0	-1	-1	3	0	-1	-1	0	0	-1	-1	3	0	-1	-1	4	0	-1	-1	3	0	-1	-1	4	0	-1	-1	1	0	-1	-1	3	0	-1	-1	5	0	-1	-1	2	0	-1	-1	5	0	-1	-1	4	0	-1	-1	4	0	-1	-1	1	0	-1	-1	3	0	-1	-1	4	0	-1	-1	3	0	-1	-1	2	0	-1	-1	2	0	-1	-1	1	0	-1	-1	3	0	-1	-1	1	0	-1	-1	4	0	-1	-1	3	0	-1	-1	0	0	-1	-1	5	0	-1	-1	0	0	-1	-1	4	0	-1	-1	0	0	-1	-1	2	0	-1	-1	5	0	-1	-1	4	0	-1	-1	0	0	-1	-1	3	0	-1	-1	0	0	-1	-1	0	0	0	-1	2	0	0	-1	0	0	0	-1	0	0	0	-1	4	0	0	-1	0	0	0	-1	3	0	0	-1	4	0	0	-1	1	0	0	-1	1	0	0	-1	1	0	0	-1	4	0	0	-1	4	0	0	-1	1	0	-1	-1	5	0	0	-1	5	0	-1	-1	0	0	0	-1	4	0	0	-1	1	0	0	-1	3	0	0	-1	2	0	0	-1	3	0	0	-1	4	0	-1	-1	5	0	0	-1	3	0	-1	-1	0	0	-1	0	0	0	-1	1	4	0	0	-1	4	0	0	-1	5	0	0	-1	5	0	0	-1	4	0	-1	-1	4	0	0	-1	3	0	-1	-1	2	0	0	-1	0	0	0	-1	4	0	0	-1	5	0	0	-1	2	0	0	-1	3	0	0	-1	0	1	-1	-1	0	0	0	-1	5	0	0	-1	1	0	0	-1	2	0	0	-1	
0	3400	5-4-5-3
1	0	-1	-1	3	0	-1	-1	0	0	-1	-1	3	0	-1	-1	5	0	-1	-1	3	0	-1	-1	4	0	-1	-1	1	0	-1	-1	3	0	-1	-1	5	0	-1	-1	2	0	-1	-1	5	0	-1	-1	4	0	-1	-1	5	0	-1	-1	1	0	-1	-1	3	0	-1	-1	4	0	-1	-1	3	0	-1	-1	2	0	-1	-1	2	0	-1	-1	1	0	-1	-1	3	0	-1	-1	0	0	-1	-1	4	0	-1	-1	3	0	-1	-1	0	0	-1	-1	5	0	-1	-1	0	0	-1	-1	4	0	-1	-1	0	0	-1	-1	2	0	-1	-1	4	0	-1	-1	4	0	-1	-1	0	0	-1	-1	3	0	-1	-1	0	0	-1	-1	0	0	0	-1	2	0	0	-1	0	0	0	-1	0	0	0	-1	4	0	-1	-1	0	0	0	-1	3	0	0	-1	4	0	0	-1	1	0	0	-1	1	0	0	-1	1	0	0	-1	4	0	0	-1	1	0	0	-1	1	0	-1	-1	5	0	0	-1	5	0	-1	-1	0	0	0	-1	4	0	0	-1	1	0	0	-1	3	0	0	-1	2	0	0	-1	3	0	0	-1	5	0	-1	-1	5	0	0	-1	3	0	-1	-1	0	0	-1	0	0	0	-1	1	4	0	0	-1	4	0	0	-1	5	0	0	-1	5	0	0	-1	4	1	-1	-1	4	0	0	-1	3	0	-1	-1	2	0	0	-1	0	0	0	-1	4	0	0	-1	5	0	0	-1	2	0	0	-1	3	0	0	-1	0	1	-1	-1	0	0	0	-1	5	0	0	-1	1	0	0	-1	2	0	0	-1	
0	5000	7-3-6-3
1	0	-1	-1	3	0	-1	-1	0	0	-1	-1	2	0	-1	-1	3	0	-1	-1	0	0	-1	-1	4	0	-1	-1	1	0	-1	-1	3	0	-1	-1	5	0	-1	-1	2	0	-1	-1	5	0	-1	-1	3	0	-1	-1	5	0	-1	-1	3	0	-1	-1	3	0	-1	-1	4	0	-1	-1	3	0	-1	-1	2	0	-1	-1	2	0	-1	-1	1	0	-1	-1	4	0	-1	-1	5	0	-1	-1	1	0	-1	-1	3	0	-1	-1	0	0	-1	-1	5	0	-1	-1	0	0	-1	-1	4	0	-1	-1	0	0	-1	-1	3	0	-1	-1	0	0	-1	-1	4	0	-1	-1	0	0	-1	-1	3	0	-1	-1	0	0	-1	-1	0	0	0	-1	2	0	0	-1	0	0	0	-1	2	0	0	-1	4	0	-1	-1	4	0	0	-1	3	0	0	-1	4	0	0	-1	1	0	0	-1	1	0	0	-1	1	0	0	-1	4	0	0	-1	0	0	0	-1	4	0	-1	-1	0	0	0	-1	5	0	-1	-1	0	0	0	-1	4	0	0	-1	1	0	0	-1	3	0	0	-1	2	0	0	-1	1	0	-1	-1	1	0	-1	-1	5	0	-1	-1	3	0	-1	-1	0	0	-1	0	0	0	-1	1	4	0	0	-1	4	0	0	-1	5	0	0	-1	3	0	0	-1	4	1	-1	-1	4	0	0	-1	3	0	-1	-1	2	0	0	-1	0	0	0	-1	4	0	0	-1	5	0	0	-1	2	0	0	-1	3	0	0	-1	0	1	-1	-1	0	0	0	-1	5	0	0	-1	1	0	0	-1	2	0	0	-1	
0	5600	6-4-7-4
1	0	-1	-1	3	0	-1	-1	0	0	-1	-1	2	0	-1	-1	5	0	-1	-1	0	0	-1	-1	4	0	-1	-1	1	0	-1	-1	3	0	-1	-1	5	0	-1	-1	2	0	-1	-1	5	0	-1	-1	3	0	-1	-1	4	0	-1	-1	3	0	-1	-1	3	0	-1	-1	4	0	-1	-1	3	0	-1	-1	2	0	-1	-1	2	0	-1	-1	1	0	-1	-1	4	0	-1	-1	3	0	-1	-1	1	0	-1	-1	3	0	-1	-1	0	0	-1	-1	5	0	-1	-1	0	0	-1	-1	4	0	-1	-1	0	0	-1	-1	3	0	-1	-1	1	0	-1	-1	4	0	-1	-1	0	0	-1	-1	3	0	-1	-1	0	0	-1	-1	0	0	0	-1	2	0	0	-1	0	0	0	-1	2	0	0	-1	2	0	-1	-1	4	0	0	-1	3	0	0	-1	4	0	0	-1	1	0	0	-1	1	0	0	-1	1	0	0	-1	4	0	0	-1	0	0	0	-1	4	0	-1	-1	0	0	0	-1	5	0	-1	-1	0	0	0	-1	4	0	0	-1	1	0	0	-1	3	0	0	-1	2	0	0	-1	1	0	-1	-1	0	0	-1	-1	5	0	-1	-1	3	0	-1	-1	0	0	-1	0	0	0	-1	1	4	0	0	-1	4	0	0	-1	5	0	0	-1	3	0	0	-1	4	0	-1	-1	4	0	0	-1	3	0	-1	-1	2	0	0	-1	0	0	0	-1	4	0	0	-1	5	0	0	-1	2	0	0	-1	3	0	0	-1	0	0	-1	-1	0	0	0	-1	5	0	0	-1	1	0	0	-1	2	0	0	-1	
0	21000	5-4-6-4
1	0	-1	-1	3	0	-1	-1	0	0	-1	-1	0	0	-1	-1	3	0	-1	-1	5	0	-1	-1	4	0	-1	-1	1	0	-1	-1	3	0	-1	-1	5	0	-1	-1	2	0	-1	-1	5	0	-1	-1	2	0	-1	-1	5	0	-1	-1	0	0	-1	-1	3	0	-1	-1	4	0	-1	-1	3	0	-1	-1	2	0	-1	-1	2	0	-1	-1	1	0	-1	-1	3	0	-1	-1	4	0	-1	-1	3	0	-1	-1	3	0	-1	-1	0	0	-1	-1	5	0	-1	-1	0	0	-1	-1	4	0	-1	-1	0	0	-1	-1	4	0	-1	-1	3	0	-1	-1	1	0	-1	-1	0	0	-1	-1	3	0	-1	-1	0	0	-1	-1	0	0	0	-1	2	0	0	-1	0	0	0	-1	3	0	0	-1	1	0	-1	-1	4	0	0	-1	3	0	0	-1	4	0	0	-1	1	0	0	-1	1	0	0	-1	1	0	0	-1	4	0	0	-1	2	0	-1	-1	2	0	-1	-1	4	0	-1	-1	5	0	-1	-1	0	0	0	-1	4	0	0	-1	1	0	0	-1	3	0	0	-1	2	0	0	-1	1	0	-1	-1	4	0	-1	-1	5	0	-1	-1	3	0	-1	-1	0	0	-1	0	0	0	-1	1	4	0	0	-1	4	0	0	-1	5	0	0	-1	3	0	0	-1	4	0	-1	-1	4	0	0	-1	3	0	-1	-1	2	0	0	-1	0	0	0	-1	4	0	0	-1	5	0	0	-1	2	0	0	-1	3	0	0	-1	0	0	-1	-1	0	0	0	-1	5	0	0	-1	1	0	0	-1	2	0	0	-1	
0	21600	6-2-5-2
1	0	-1	-1	3	0	-1	-1	5	0	-1	-1	2	0	-1	-1	5	0	-1	-1	5	0	-1	-1	4	0	-1	-1	1	0	-1	-1	3	0	-1	-1	5	0	-1	-1	2	0	-1	-1	0	0	-1	-1	0	0	-1	-1	3	0	-1	-1	0	0	-1	-1	3	0	-1	-1	4	0	-1	-1	3	0	-1	-1	2	0	-1	-1	2	0	-1	-1	5	0	-1	-1	2	0	-1	-1	5	0	-1	-1	3	0	-1	-1	3	0	-1	-1	0	0	-1	-1	5	0	-1	-1	0	0	-1	-1	4	0	-1	-1	1	0	-1	-1	3	0	-1	-1	4	0	-1	-1	1	0	-1	-1	0	0	-1	-1	3	0	-1	-1	0	0	-1	-1	0	0	0	-1	2	0	0	-1	0	0	0	-1	4	0	0	-1	3	0	-1	-1	4	0	0	-1	3	0	0	-1	4	0	0	-1	1	0	0	-1	1	0	0	-1	1	0	0	-1	0	0	-1	3	3	0	-1	-1	1	0	-1	-1	4	0	-1	-1	5	0	-1	-1	0	0	0	-1	4	0	0	-1	1	0	0	-1	3	0	0	-1	4	0	0	-1	1	0	-1	-1	4	0	-1	-1	5	0	-1	-1	3	0	-1	-1	0	0	-1	0	0	0	-1	1	4	0	0	-1	4	0	0	-1	5	0	0	-1	3	0	0	-1	4	0	-1	-1	4	0	0	-1	3	0	-1	-1	2	0	0	-1	0	0	0	-1	4	0	0	-1	5	0	0	-1	2	0	0	-1	3	0	0	-1	0	0	-1	-1	0	0	0	-1	5	0	0	-1	1	0	0	-1	2	0	0	-1	
0	22200	6-2-7-2
1	0	-1	-1	2	0	-1	-1	5	0	-1	-1	2	0	-1	-1	5	0	-1	-1	5	0	-1	-1	4	0	-1	-1	1	0	-1	-1	3	0	-1	-1	1	0	-1	-1	3	0	-1	-1	5	0	-1	-1	0	0	-1	-1	3	0	-1	-1	0	0	-1	-1	3	0	-1	-1	4	0	-1	-1	3	0	-1	-1	5	0	-1	-1	2	0	-1	-1	0	0	-1	-1	2	0	-1	-1	5	0	-1	-1	3	0	-1	-1	3	0	-1	-1	0	0	-1	-1	5	0	-1	-1	2	0	-1	-1	2	0	-1	-1	5	0	-1	-1	3	0	-1	-1	4	0	-1	-1	1	0	-1	-1	0	0	-1	-1	3	0	-1	-1	0	0	-1	-1	0	0	0	-1	4	0	0	-1	1	0	0	-1	4	0	0	-1	3	0	-1	-1	4	0	0	-1	3	0	0	-1	4	0	0	-1	1	0	0	-1	0	0	0	-1	2	0	0	-1	0	0	-1	3	3	0	-1	-1	1	0	-1	-1	4	0	-1	-1	5	0	-1	-1	0	0	0	-1	4	0	0	-1	1	0	0	-1	1	0	0	-1	0	0	0	-1	1	0	-1	-1	4	0	-1	-1	5	0	-1	-1	3	0	-1	-1	0	0	-1	0	0	0	-1	1	1	0	-1	-1	3	0	-1	-1	5	0	-1	-1	3	0	0	-1	4	0	-1	-1	4	0	0	-1	3	0	-1	-1	2	0	0	-1	0	0	0	-1	4	0	0	-1	5	0	0	-1	2	0	0	-1	3	0	0	-1	0	0	-1	-1	0	0	0	-1	5	0	0	-1	1	0	0	-1	2	0	0	-1	
0	22800	7-8-7-7
1	0	-1	-1	2	0	-1	-1	5	0	-1	-1	2	0	-1	-1	5	0	-1	-1	5	0	-1	-1	4	0	-1	-1	0	0	-1	-1	3	0	-1	-1	1	0	-1	-1	3	0	-1	-1	5	0	-1	-1	0	0	-1	-1	3	0	-1	-1	0	0	-1	-1	3	0	-1	-1	5	0	-1	-1	3	0	-1	-1	5	0	-1	-1	2	0	-1	-1	0	0	-1	-1	2	0	-1	-1	5	0	-1	-1	3	0	-1	-1	3	0	-1	-1	5	0	-1	-1	5	0	-1	-1	2	0	-1	-1	2	0	-1	-1	5	0	-1	-1	3	0	-1	-1	4	0	-1	-1	1	0	-1	-1	0	0	-1	-1	1	0	-1	-1	0	0	-1	-1	0	0	0	-1	4	0	0	-1	1	0	0	-1	4	0	0	-1	3	0	-1	-1	4	0	0	-1	3	0	0	-1	4	0	0	-1	1	0	0	-1	0	0	0	-1	2	0	0	-1	0	0	-1	3	3	0	-1	-1	1	0	-1	-1	4	0	-1	-1	5	0	-1	-1	0	0	-1	2	4	0	0	-1	1	0	0	-1	1	0	0	-1	0	0	0	-1	1	0	-1	-1	4	0	-1	-1	5	0	-1	-1	3	0	-1	-1	3	0	-1	0	0	0	-1	1	1	0	-1	-1	3	0	-1	-1	5	0	-1	-1	3	0	0	-1	4	0	-1	-1	4	0	0	-1	3	0	-1	-1	4	0	-1	2	2	0	0	-1	4	0	0	-1	5	0	0	-1	2	0	0	-1	3	0	0	-1	0	0	-1	-1	0	0	0	-1	5	0	0	-1	1	0	0	-1	2	0	0	-1	
0	24000	4-1-5-1
1	0	-1	-1	5	0	-1	-1	5	0	-1	-1	2	0	-1	-1	5	0	-1	-1	5	0	-1	-1	4	0	-1	-1	0	0	-1	-1	3	0	-1	-1	1	0	-1	-1	0	0	-1	-1	5	0	-1	-1	0	0	-1	-1	3	0	-1	-1	0	0	-1	-1	3	0	-1	-1	5	0	-1	-1	3	0	-1	-1	5	0	-1	-1	4	0	-1	-1	0	0	-1	-1	2	0	-1	-1	5	0	-1	-1	3	0	-1	-1	3	0	-1	-1	5	0	-1	-1	5	0	-1	-1	2	0	-1	-1	2	0	-1	-1	5	0	-1	-1	3	0	-1	-1	4	0	-1	-1	1	0	-1	-1	0	0	-1	-1	1	0	-1	-1	0	0	-1	-1	0	0	0	-1	3	0	-1	0	1	0	0	-1	4	0	0	-1	3	0	-1	-1	4	0	0	-1	3	0	0	-1	4	0	0	-1	1	0	0	-1	0	0	0	-1	4	0	0	-1	0	0	-1	3	3	0	-1	-1	1	0	-1	-1	4	0	-1	-1	5	0	-1	-1	0	0	-1	2	4	0	0	-1	1	0	0	-1	1	0	0	-1	0	0	0	-1	1	0	-1	-1	4	0	-1	-1	5	0	-1	-1	3	0	-1	-1	3	0	-1	0	0	0	-1	1	1	0	-1	-1	3	0	-1	-1	5	0	-1	-1	3	0	0	-1	4	0	-1	-1	4	0	0	-1	3	0	-1	-1	4	0	-1	2	2	0	0	-1	4	0	0	-1	5	0	0	-1	2	0	0	-1	3	0	0	-1	0	0	-1	-1	0	0	0	-1	5	0	0	-1	1	0	0	-1	2	0	0	-1	
0	25200	6-3-6-2
4	0	-1	-1	0	0	-1	-1	4	0	-1	-1	2	0	-1	-1	5	0	-1	-1	5	0	-1	-1	4	0	-1	-1	0	0	-1	-1	3	0	-1	-1	1	0	-1	-1	5	0	-1	-1	5	0	-1	-1	0	0	-1	-1	3	0	-1	-1	0	0	-1	-1	3	0	-1	-1	5	0	-1	-1	3	0	-1	-1	1	0	-1	-1	0	0	-1	-1	5	0	-1	-1	2	0	-1	-1	5	0	-1	-1	3	0	-1	-1	3	0	-1	-1	5	0	-1	-1	5	0	-1	-1	5	0	-1	-1	4	0	-1	-1	0	0	-1	-1	3	0	-1	-1	4	0	-1	-1	1	0	-1	-1	0	0	-1	-1	1	0	-1	-1	0	0	-1	-1	2	0	0	-1	2	0	-1	0	5	0	0	-1	4	0	0	-1	3	0	-1	-1	4	0	0	-1	3	0	0	-1	4	0	0	-1	1	0	0	-1	0	0	0	-1	3	0	0	-1	1	0	-1	3	3	0	-1	-1	1	0	-1	-1	4	0	-1	-1	5	0	-1	-1	0	0	-1	2	4	0	0	-1	0	0	-1	-1	4	0	-1	-1	0	0	-1	-1	0	0	-1	-1	4	0	-1	-1	5	0	-1	-1	3	0	-1	-1	3	0	-1	0	0	0	-1	1	1	0	-1	-1	3	0	-1	-1	5	0	-1	-1	3	0	0	-1	4	0	-1	-1	4	0	0	-1	3	0	-1	-1	4	0	-1	2	2	0	0	-1	4	0	0	-1	5	0	0	-1	2	0	0	-1	3	0	0	-1	0	0	-1	-1	0	0	0	-1	5	0	0	-1	1	0	0	-1	2	0	0	-1	
0	25800	4-4-4-3
4	0	-1	-1	0	0	-1	-1	4	0	-1	-1	5	0	-1	-1	0	0	-1	-1	1	0	-1	-1	4	0	-1	-1	0	0	-1	-1	3	0	-1	-1	1	0	-1	-1	5	0	-1	-1	5	0	-1	-1	4	0	-1	-1	3	0	-1	-1	0	0	-1	-1	3	0	-1	-1	5	0	-1	-1	3	0	-1	-1	1	0	-1	-1	0	0	-1	-1	5	0	-1	-1	4	0	-1	-1	5	0	-1	-1	3	0	-1	-1	3	0	-1	-1	5	0	-1	-1	5	0	-1	-1	5	0	-1	-1	4	0	-1	-1	0	0	-1	-1	3	0	-1	-1	4	0	-1	-1	1	0	-1	-1	0	0	-1	-1	1	0	-1	-1	0	0	-1	-1	2	0	0	-1	2	0	-1	0	5	0	0	-1	0	0	-1	-1	4	0	-1	-1	4	0	0	-1	3	0	0	-1	4	0	0	-1	1	0	0	-1	0	0	0	-1	3	0	0	-1	1	0	-1	3	2	0	-1	-1	1	0	-1	-1	4	0	-1	-1	5	0	-1	-1	0	0	-1	2	4	0	0	-1	0	0	-1	-1	4	0	-1	-1	0	0	-1	-1	0	0	-1	-1	4	0	-1	-1	5	0	-1	-1	3	0	-1	-1	3	0	-1	0	0	0	-1	1	1	0	-1	-1	3	0	-1	-1	5	0	-1	-1	3	0	0	-1	4	0	-1	-1	4	0	0	-1	3	0	-1	-1	4	0	-1	2	2	0	0	-1	4	0	0	-1	5	0	0	-1	2	0	0	-1	3	0	0	-1	0	0	-1	-1	0	0	0	-1	5	0	0	-1	1	0	0	-1	2	0	0	-1	
0	35400	5-5-5-4
4	0	-1	-1	0	0	-1	-1	4	0	-1	-1	5	0	-1	-1	1	0	-1	-1	1	0	-1	-1	4	0	-1	-1	0	0	-1	-1	3	0	-1	-1	1	0	-1	-1	5	0	-1	-1	5	0	-1	-1	4	0	-1	-1	5	0	-1	-1	0	0	-1	-1	3	0	-1	-1	5	0	-1	-1	3	0	-1	-1	1	0	-1	-1	0	0	-1	-1	5	0	-1	-1	4	0	-1	-1	1	0	-1	-1	3	0	-1	-1	3	0	-1	-1	5	0	-1	-1	5	0	-1	-1	5	0	-1	-1	4	0	-1	-1	0	0	-1	-1	3	0	-1	-1	1	0	-1	-1	1	0	-1	-1	0	0	-1	-1	1	0	-1	-1	0	0	-1	-1	2	0	0	-1	2	0	-1	0	5	0	0	-1	0	0	-1	-1	0	0	-1	-1	4	0	0	-1	3	0	0	-1	4	0	0	-1	1	0	0	-1	0	0	0	-1	3	0	0	-1	1	0	-1	3	2	0	-1	-1	3	0	-1	-1	1	0	-1	-1	5	0	-1	-1	0	0	-1	2	4	0	0	-1	0	0	-1	-1	4	0	-1	-1	0	0	-1	-1	0	0	-1	-1	5	0	-1	-1	5	0	-1	-1	3	0	-1	-1	3	0	-1	0	0	0	-1	1	1	0	-1	-1	3	0	-1	-1	5	0	-1	-1	3	0	0	-1	4	2	-1	-1	4	0	0	-1	3	0	-1	-1	4	0	-1	2	2	0	0	-1	4	0	0	-1	5	0	0	-1	2	0	0	-1	3	0	0	-1	0	0	-1	-1	0	0	0	-1	5	0	0	-1	1	0	0	-1	2	0	0	-1	
0	37900	7-7-7-6
1	0	-1	-1	2	0	-1	-1	3	0	-1	-1	5	0	-1	-1	1	0	-1	-1	2	0	-1	-1	0	0	-1	-1	4	0	-1	-1	2	0	-1	-1	3	0	-1	-1	5	0	-1	-1	2	0	-1	-1	4	0	-1	-1	0	0	-1	-1	5	0	-1	-1	5	0	-1	-1	0	0	-1	-1	3	0	-1	-1	1	0	-1	-1	0	0	-1	-1	5	0	-1	-1	0	0	-1	-1	4	0	-1	-1	1	0	-1	-1	3	0	-1	-1	5	0	-1	-1	3	0	-1	-1	1	0	-1	-1	5	0	-1	-1	0	0	-1	-1	3	0	-1	-1	2	0	-1	-1	0	0	-1	-1	3	0	-1	-1	5	0	-1	-1	5	0	-1	-1	5	0	0	-1	0	0	-1	0	5	0	0	-1	0	0	-1	-1	3	0	-1	-1	3	0	-1	-1	0	0	0	-1	1	0	-1	0	0	0	0	-1	2	0	0	-1	2	0	0	-1	1	0	-1	3	2	0	-1	-1	0	0	-1	-1	1	0	-1	-1	3	0	-1	-1	0	0	-1	2	1	0	-1	3	0	0	-1	-1	3	0	-1	-1	0	0	-1	-1	0	0	-1	-1	3	0	-1	-1	1	0	-1	-1	5	0	-1	-1	3	0	-1	0	0	0	-1	1	0	0	-1	-1	3	0	-1	-1	5	0	-1	-1	3	0	0	-1	5	0	-1	-1	5	0	-1	-1	3	0	-1	-1	3	0	-1	2	2	0	0	-1	1	0	-1	-1	5	0	0	-1	2	0	0	-1	3	0	0	-1	0	0	-1	-1	0	0	0	-1	5	0	0	-1	1	0	0	-1	2	0	0	-1	
0	47500	3-1-4-1
0	0	-1	-1	2	0	-1	-1	2	0	-1	-1	5	0	-1	-1	2	0	-1	-1	0	0	-1	-1	0	0	-1	-1	4	0	-1	-1	2	0	-1	-1	1	0	-1	-1	4	0	-1	-1	1	0	-1	-1	0	0	-1	-1	1	0	-1	-1	2	0	-1	-1	5	0	-1	-1	0	0	-1	-1	3	0	-1	-1	3	0	-1	-1	2	0	-1	-1	3	0	-1	-1	5	0	-1	-1	0	0	-1	-1	5	0	-1	-1	3	0	-1	-1	5	0	-1	-1	3	0	-1	-1	1	0	-1	-1	5	0	-1	-1	2	0	-1	-1	4	0	-1	-1	4	0	-1	-1	1	0	-1	-1	3	0	-1	-1	5	0	-1	-1	5	0	-1	-1	1	0	-1	-1	0	0	-1	0	5	0	-1	1	0	0	-1	-1	2	0	-1	-1	0	0	-1	-1	0	0	0	-1	1	0	-1	0	0	0	0	-1	2	0	0	-1	2	0	0	-1	1	0	-1	3	2	0	-1	-1	0	0	-1	-1	1	0	-1	-1	3	0	-1	-1	0	0	-1	2	1	0	-1	3	0	0	-1	-1	3	0	-1	-1	0	0	-1	-1	0	0	-1	-1	3	0	-1	-1	1	0	-1	-1	5	0	-1	-1	3	0	-1	0	0	0	-1	1	0	0	-1	-1	3	0	-1	-1	5	0	-1	-1	3	0	0	-1	5	0	-1	-1	5	0	-1	-1	3	0	-1	-1	3	0	-1	2	2	0	0	-1	1	0	-1	-1	5	0	0	-1	2	0	0	-1	3	0	0	-1	0	0	-1	-1	0	0	0	-1	5	0	0	-1	1	0	0	-1	2	0	0	-1	
0	51100	5-3-5-2
0	0	-1	-1	5	0	-1	-1	2	0	-1	-1	5	0	-1	-1	2	0	-1	-1	0	0	-1	-1	0	0	-1	-1	4	0	-1	-1	2	0	-1	-1	0	0	-1	-1	2	0	-1	-1	2	0	-1	-1	0	0	-1	-1	1	0	-1	-1	2	0	-1	-1	5	0	-1	-1	0	0	-1	-1	3	0	-1	-1	1	0	-1	-1	4	0	-1	-1	1	0	-1	-1	5	0	-1	-1	0	0	-1	-1	5	0	-1	-1	3	0	-1	-1	5	0	-1	-1	3	0	-1	-1	3	0	-1	-1	2	0	-1	-1	3	0	-1	-1	4	0	-1	-1	4	0	-1	-1	1	0	-1	-1	3	0	-1	-1	5	0	-1	-1	5	0	-1	-1	1	0	-1	-1	5	0	-1	0	2	0	-1	1	0	0	-1	-1	2	0	-1	-1	0	0	-1	-1	0	0	0	-1	1	0	-1	0	0	0	0	-1	1	0	-1	-1	0	0	-1	-1	5	0	-1	3	1	0	-1	-1	0	0	-1	-1	1	0	-1	-1	3	0	-1	-1	0	0	-1	2	1	0	-1	3	0	0	-1	-1	3	0	-1	-1	0	0	-1	-1	0	0	-1	-1	3	0	-1	-1	1	0	-1	-1	5	0	-1	-1	3	0	-1	0	0	0	-1	1	0	0	-1	-1	3	0	-1	-1	5	0	-1	-1	3	0	0	-1	5	0	-1	-1	5	0	-1	-1	3	0	-1	-1	3	0	-1	2	2	0	0	-1	1	0	-1	-1	5	0	0	-1	2	0	0	-1	3	0	0	-1	0	0	-1	-1	0	0	0	-1	5	0	0	-1	1	0	0	-1	2	0	0	-1	
1	56900	5-7-5-8
0	0	-1	-1	5	0	-1	-1	2	0	-1	-1	5	0	-1	-1	2	0	-1	-1	0	0	-1	-1	0	0	-1	-1	4	0	-1	-1	2	0	-1	-1	0	0	-1	-1	2	0	-1	-1	2	0	-1	-1	0	0	-1	-1	1	0	-1	-1	2	0	-1	-1	5	0	-1	-1	0	0	-1	-1	0	0	-1	-1	1	0	-1	-1	4	0	-1	-1	1	0	-1	-1	5	0	-1	-1	0	0	-1	-1	5	0	-1	-1	3	0	-1	-1	5	0	-1	-1	4	0	-1	-1	3	0	-1	-1	2	0	-1	-1	3	0	-1	-1	4	0	-1	-1	4	0	-1	-1	1	0	-1	-1	3	0	-1	-1	5	0	-1	-1	2	0	-1	-1	1	0	-1	-1	5	0	-1	0	2	0	-1	1	0	0	-1	-1	2	0	-1	-1	0	0	-1	-1	0	0	0	-1	1	0	-1	0	3	0	-1	-1	1	0	-1	-1	0	0	-1	-1	5	0	-1	3	1	0	-1	-1	0	0	-1	-1	1	0	-1	-1	3	0	-1	-1	1	0	-1	2	3	0	-1	3	0	0	-1	-1	3	0	-1	-1	0	0	-1	-1	0	0	-1	-1	3	0	-1	-1	1	0	-1	-1	5	0	-1	-1	3	0	-1	0	5	0	-1	1	0	0	-1	-1	3	0	-1	-1	5	0	-1	-1	3	0	0	-1	5	0	-1	-1	5	0	-1	-1	3	0	-1	-1	3	0	-1	2	2	0	0	-1	1	0	-1	-1	5	0	0	-1	2	0	0	-1	3	0	0	-1	0	0	-1	-1	0	0	0	-1	5	0	0	-1	1	0	0	-1	2	0	0	-1	
2	66100	5-7-5-8
0	0	-1	-1	5	0	-1	-1	2	0	-1	-1	5	0	-1	-1	5	0	-1	-1	3	0	-1	-1	0	0	-1	-1	3	0	-1	-1	2	0	-1	-1	0	0	-1	-1	2	0	-1	-1	2	0	-1	-1	0	0	-1	-1	2	0	-1	-1	4	0	-1	-1	0	0	-1	-1	1	0	-1	-1	2	0	-1	-1	1	0	-1	-1	4	0	-1	-1	1	0	-1	-1	5	0	-1	-1	1	0	-1	-1	4	0	-1	-1	5	0	-1	-1	2	0	-1	-1	0	0	-1	-1	3	0	-1	-1	2	0	-1	-1	3	0	-1	-1	4	0	-1	-1	0	0	-1	-1	2	0	-1	-1	3	0	-1	-1	3	0	-1	-1	4	0	-1	-1	1	0	-1	-1	5	0	-1	0	2	0	-1	1	0	0	-1	-1	4	0	-1	-1	1	0	-1	-1	3	0	-1	-1	0	0	-1	0	2	0	-1	-1	1	0	-1	-1	0	0	-1	-1	5	0	-1	3	1	0	-1	-1	2	0	-1	-1	1	0	-1	-1	5	0	-1	-1	5	0	-1	2	3	0	-1	3	0	0	-1	-1	3	0	-1	-1	0	0	-1	-1	0	0	-1	-1	3	0	-1	-1	2	0	-1	-1	0	0	-1	-1	4	0	-1	0	1	0	-1	1	0	0	-1	-1	3	0	-1	-1	5	0	-1	-1	3	0	0	-1	5	0	-1	-1	5	0	-1	-1	3	1	-1	-1	1	0	-1	2	2	0	0	-1	1	0	-1	-1	5	0	0	-1	2	0	0	-1	3	0	0	-1	0	0	-1	-1	0	0	0	-1	5	0	0	-1	1	0	0	-1	2	0	0	-1	
2	84700	6-8-6-7
0	0	-1	-1	5	0	-1	-1	2	0	-1	-1	5	0	-1	-1	5	0	-1	-1	3	0	-1	-1	0	0	-1	-1	2	0	-1	-1	2	0	-1	-1	0	0	-1	-1	2	0	-1	-1	2	0	-1	-1	0	0	-1	-1	2	0	-1	-1	4	0	-1	-1	0	0	-1	-1	0	0	-1	-1	2	0	-1	-1	1	0	-1	-1	4	0	-1	-1	1	0	-1	-1	5	0	-1	-1	1	0	-1	-1	4	0	-1	-1	5	0	-1	-1	5	0	-1	-1	0	0	-1	-1	3	0	-1	-1	2	0	-1	-1	3	0	-1	-1	4	0	-1	-1	0	0	-1	-1	2	0	-1	-1	3	0	-1	-1	3	0	-1	-1	4	0	-1	-1	1	0	-1	-1	5	0	-1	0	2	0	-1	1	0	0	-1	-1	4	0	-1	-1	1	0	-1	-1	3	0	-1	-1	1	0	-1	0	2	0	-1	-1	1	0	-1	-1	0	0	-1	-1	5	0	-1	3	1	0	-1	-1	2	0	-1	-1	1	0	-1	-1	5	0	-1	-1	2	0	-1	2	3	0	-1	3	0	0	-1	-1	3	0	-1	-1	0	0	-1	-1	0	0	-1	-1	3	0	-1	-1	2	0	-1	-1	0	0	-1	-1	3	0	-1	0	4	0	-1	1	0	0	-1	-1	3	0	-1	-1	5	0	-1	-1	3	0	0	-1	5	0	-1	-1	5	0	-1	-1	3	1	-1	-1	0	0	-1	2	2	0	0	-1	1	0	-1	-1	5	0	0	-1	2	0	0	-1	3	0	0	-1	0	0	-1	-1	0	0	0	-1	5	0	0	-1	5	0	-1	-1	2	0	0	-1	
2	85900	-1--1--1--1
