Preamble
===============================================================================
t = gem type
bt = bonus type
i = ice layer
mp = medal portion
mu = medals uncovered
s = score
a = action
tmo = total moves
tme = total medals
r = row
c = columns
-------------------------------------------------------------------------------
tmo	tme	r	c
===============================================================================
26	3	9	9
-------------------------------------------------------------------------------

Key for state and progress information.
2 lines represent a state-action pair:
t	bt	i	mp	t	bt	i	mp	t	bt	i	mp	t	bt	i	mp	t	bt	i	mp	t	bt	i	mp	t	bt	i	mp	t	bt	i	mp	t	bt	i	mp	t	bt	i	mp	t	bt	i	mp	t	bt	i	mp	t	bt	i	mp	t	bt	i	mp	t	bt	i	mp	t	bt	i	mp	t	bt	i	mp	t	bt	i	mp	t	bt	i	mp	t	bt	i	mp	t	bt	i	mp	t	bt	i	mp	t	bt	i	mp	t	bt	i	mp	t	bt	i	mp	t	bt	i	mp	t	bt	i	mp	t	bt	i	mp	t	bt	i	mp	t	bt	i	mp	t	bt	i	mp	t	bt	i	mp	t	bt	i	mp	t	bt	i	mp	t	bt	i	mp	t	bt	i	mp	t	bt	i	mp	t	bt	i	mp	t	bt	i	mp	t	bt	i	mp	t	bt	i	mp	t	bt	i	mp	t	bt	i	mp	t	bt	i	mp	t	bt	i	mp	t	bt	i	mp	t	bt	i	mp	t	bt	i	mp	t	bt	i	mp	t	bt	i	mp	t	bt	i	mp	t	bt	i	mp	t	bt	i	mp	t	bt	i	mp	t	bt	i	mp	t	bt	i	mp	t	bt	i	mp	t	bt	i	mp	t	bt	i	mp	t	bt	i	mp	t	bt	i	mp	t	bt	i	mp	t	bt	i	mp	t	bt	i	mp	t	bt	i	mp	t	bt	i	mp	t	bt	i	mp	t	bt	i	mp	t	bt	i	mp	t	bt	i	mp	t	bt	i	mp	t	bt	i	mp	t	bt	i	mp	t	bt	i	mp	t	bt	i	mp	t	bt	i	mp	t	bt	i	mp	t	bt	i	mp	t	bt	i	mp	t	bt	i	mp	t	bt	i	mp	
===============================================================================
mu	s	a
===============================================================================

3	0	-1	-1	0	0	-1	-1	1	0	-1	-1	0	0	-1	-1	5	0	-1	-1	0	0	-1	-1	4	0	-1	-1	2	0	-1	-1	2	0	-1	-1	3	0	-1	-1	5	0	-1	-1	3	0	-1	-1	4	0	-1	-1	5	0	-1	-1	5	0	-1	-1	2	0	-1	-1	4	0	-1	-1	5	0	-1	-1	0	0	-1	-1	0	0	-1	-1	5	0	-1	-1	2	0	-1	-1	0	0	-1	-1	0	0	-1	-1	3	0	-1	-1	5	0	-1	-1	1	0	-1	-1	4	0	-1	-1	0	0	-1	-1	3	0	-1	-1	2	0	-1	-1	2	0	-1	-1	0	0	-1	-1	5	0	-1	-1	5	0	-1	-1	3	0	-1	-1	4	0	0	-1	1	0	0	-1	2	0	0	-1	1	0	0	-1	5	0	0	-1	2	0	0	-1	1	0	0	-1	0	0	0	-1	0	0	0	-1	5	0	0	-1	1	0	0	-1	3	0	0	-1	2	0	0	-1	1	0	0	-1	0	0	0	-1	4	0	0	-1	4	0	0	-1	1	3	0	-1	3	0	0	-1	3	0	0	-1	2	0	0	-1	0	0	0	-1	1	0	0	-1	0	0	0	-1	2	0	0	-1	1	0	0	-1	4	0	0	-1	3	0	0	-1	4	0	0	-1	3	0	0	-1	1	0	0	-1	4	0	0	-1	1	0	0	-1	5	0	0	-1	4	0	0	-1	2	0	0	-1	0	0	0	-1	4	0	0	-1	2	0	0	-1	3	0	0	-1	3	0	0	-1	2	0	0	-1	4	0	0	-1	2	0	0	-1	1	0	0	-1	
0	0	6-2-7-2
4	0	-1	-1	0	0	-1	-1	3	0	-1	-1	0	0	-1	-1	5	0	-1	-1	0	0	-1	-1	4	0	-1	-1	2	0	-1	-1	2	0	-1	-1	3	0	-1	-1	0	0	-1	-1	1	0	-1	-1	4	0	-1	-1	5	0	-1	-1	5	0	-1	-1	2	0	-1	-1	4	0	-1	-1	5	0	-1	-1	3	0	-1	-1	5	0	-1	-1	3	0	-1	-1	2	0	-1	-1	0	0	-1	-1	0	0	-1	-1	3	0	-1	-1	5	0	-1	-1	1	0	-1	-1	0	0	-1	-1	0	0	-1	-1	5	0	-1	-1	2	0	-1	-1	2	0	-1	-1	0	0	-1	-1	5	0	-1	-1	5	0	-1	-1	3	0	-1	-1	4	0	0	-1	0	0	0	-1	3	0	0	-1	1	0	0	-1	5	0	0	-1	2	0	0	-1	1	0	0	-1	0	0	0	-1	0	0	0	-1	4	0	0	-1	1	0	0	-1	2	0	0	-1	2	0	0	-1	1	0	0	-1	0	0	0	-1	4	0	0	-1	4	0	0	-1	1	3	0	-1	5	0	-1	-1	1	0	-1	-1	3	0	-1	-1	0	0	0	-1	1	0	0	-1	0	0	0	-1	2	0	0	-1	1	0	0	-1	4	0	0	-1	3	0	0	-1	4	0	0	-1	2	0	0	-1	1	0	0	-1	4	0	0	-1	1	0	0	-1	5	0	0	-1	4	0	0	-1	2	0	0	-1	0	0	0	-1	4	0	0	-1	2	0	0	-1	3	0	0	-1	3	0	0	-1	2	0	0	-1	4	0	0	-1	2	0	0	-1	1	0	0	-1	
0	600	7-4-7-3
4	0	-1	-1	0	0	-1	-1	3	0	-1	-1	0	0	-1	-1	4	0	-1	-1	0	0	-1	-1	4	0	-1	-1	2	0	-1	-1	2	0	-1	-1	3	0	-1	-1	0	0	-1	-1	1	0	-1	-1	4	0	-1	-1	0	0	-1	-1	5	0	-1	-1	2	0	-1	-1	4	0	-1	-1	5	0	-1	-1	3	0	-1	-1	5	0	-1	-1	3	0	-1	-1	2	0	-1	-1	3	0	-1	-1	0	0	-1	-1	3	0	-1	-1	5	0	-1	-1	1	0	-1	-1	0	0	-1	-1	0	0	-1	-1	5	0	-1	-1	2	0	-1	-1	1	0	-1	-1	0	0	-1	-1	5	0	-1	-1	5	0	-1	-1	3	0	-1	-1	4	0	0	-1	0	0	0	-1	3	0	0	-1	1	0	0	-1	2	0	-1	-1	2	0	0	-1	1	0	0	-1	0	0	0	-1	0	0	0	-1	4	0	0	-1	1	0	0	-1	2	0	0	-1	2	0	0	-1	0	0	-1	-1	0	0	0	-1	4	0	0	-1	4	0	0	-1	1	3	0	-1	5	0	-1	-1	1	0	-1	-1	3	0	-1	-1	0	0	0	-1	2	0	-1	-1	0	0	0	-1	2	0	0	-1	1	0	0	-1	4	0	0	-1	3	0	0	-1	4	0	0	-1	2	0	0	-1	4	0	0	-1	5	0	-1	1	1	0	0	-1	5	0	0	-1	4	0	0	-1	2	0	0	-1	0	0	0	-1	4	0	0	-1	2	0	0	-1	3	0	0	-1	3	0	0	-1	2	0	0	-1	4	0	0	-1	2	0	0	-1	1	0	0	-1	
0	4200	6-7-6-8
4	0	-1	-1	0	0	-1	-1	3	0	-1	-1	0	0	-1	-1	4	0	-1	-1	0	0	-1	-1	4	0	-1	-1	5	0	-1	-1	2	0	-1	-1	3	0	-1	-1	0	0	-1	-1	1	0	-1	-1	4	0	-1	-1	0	0	-1	-1	5	0	-1	-1	2	0	-1	-1	3	0	-1	-1	5	0	-1	-1	3	0	-1	-1	5	0	-1	-1	3	0	-1	-1	2	0	-1	-1	3	0	-1	-1	0	0	-1	-1	3	0	-1	-1	4	0	-1	-1	1	0	-1	-1	0	0	-1	-1	0	0	-1	-1	5	0	-1	-1	2	0	-1	-1	1	0	-1	-1	0	0	-1	-1	5	0	-1	-1	2	0	-1	-1	3	0	-1	-1	4	0	0	-1	0	0	0	-1	3	0	0	-1	1	0	0	-1	2	0	-1	-1	2	0	0	-1	1	0	0	-1	4	0	0	-1	0	0	0	-1	4	0	0	-1	1	0	0	-1	2	0	0	-1	2	0	0	-1	0	0	-1	-1	0	0	0	-1	4	0	0	-1	5	0	-1	-1	1	3	0	-1	5	0	-1	-1	1	0	-1	-1	3	0	-1	-1	0	0	0	-1	2	0	-1	-1	0	0	0	-1	2	0	0	-1	5	0	-1	-1	1	0	0	-1	3	0	0	-1	4	0	0	-1	2	0	0	-1	4	0	0	-1	5	0	-1	1	1	0	0	-1	5	0	0	-1	0	0	-1	1	2	0	0	-1	0	0	0	-1	4	0	0	-1	2	0	0	-1	3	0	0	-1	3	0	0	-1	2	0	0	-1	4	0	0	-1	2	0	0	-1	1	0	0	-1	
0	5400	5-4-6-4
4	0	-1	-1	0	0	-1	-1	1	0	-1	-1	1	0	-1	-1	2	0	-1	-1	0	0	-1	-1	4	0	-1	-1	5	0	-1	-1	2	0	-1	-1	3	0	-1	-1	0	0	-1	-1	3	0	-1	-1	4	0	-1	-1	3	0	-1	-1	0	0	-1	-1	2	0	-1	-1	3	0	-1	-1	5	0	-1	-1	3	0	-1	-1	5	0	-1	-1	1	0	-1	-1	0	0	-1	-1	4	0	-1	-1	5	0	-1	-1	3	0	-1	-1	4	0	-1	-1	1	0	-1	-1	0	0	-1	-1	0	0	-1	-1	3	0	-1	-1	4	0	-1	-1	0	0	-1	-1	0	0	-1	-1	5	0	-1	-1	2	0	-1	-1	3	0	-1	-1	4	0	0	-1	0	0	0	-1	5	0	0	-1	2	0	0	-1	3	0	-1	-1	0	0	0	-1	1	0	0	-1	4	0	0	-1	0	0	0	-1	4	0	0	-1	1	0	0	-1	3	0	-1	-1	2	0	-1	-1	1	0	-1	-1	2	0	0	-1	4	0	0	-1	5	0	-1	-1	1	3	0	-1	5	0	-1	-1	1	0	-1	-1	3	0	-1	-1	1	0	-1	-1	2	0	-1	-1	0	0	-1	-1	2	0	0	-1	5	0	-1	-1	1	0	0	-1	3	0	0	-1	4	0	0	-1	2	0	0	-1	4	0	0	-1	5	0	-1	1	1	0	0	-1	5	0	0	-1	0	0	-1	1	2	0	0	-1	0	0	0	-1	4	0	0	-1	2	0	0	-1	3	0	0	-1	3	0	0	-1	2	0	0	-1	4	0	0	-1	2	0	0	-1	1	0	0	-1	
0	7200	7-8-8-8
4	0	-1	-1	0	0	-1	-1	1	0	-1	-1	1	0	-1	-1	2	0	-1	-1	0	0	-1	-1	4	0	-1	-1	0	0	-1	-1	0	0	-1	-1	3	0	-1	-1	0	0	-1	-1	3	0	-1	-1	4	0	-1	-1	3	0	-1	-1	0	0	-1	-1	2	0	-1	-1	1	0	-1	-1	5	0	-1	-1	3	0	-1	-1	5	0	-1	-1	1	0	-1	-1	0	0	-1	-1	4	0	-1	-1	5	0	-1	-1	3	0	-1	-1	1	0	-1	-1	4	0	-1	-1	0	0	-1	-1	0	0	-1	-1	3	0	-1	-1	4	0	-1	-1	0	0	-1	-1	0	0	-1	-1	5	0	-1	-1	5	0	-1	-1	2	0	-1	-1	4	0	0	-1	0	0	0	-1	5	0	0	-1	2	0	0	-1	3	0	-1	-1	0	0	0	-1	1	0	0	-1	3	0	-1	-1	2	0	-1	-1	4	0	0	-1	1	0	0	-1	3	0	-1	-1	2	0	-1	-1	1	0	-1	-1	2	0	0	-1	4	0	0	-1	4	0	-1	-1	5	0	-1	-1	5	0	-1	-1	1	0	-1	-1	3	0	-1	-1	1	0	-1	-1	2	0	-1	-1	0	0	-1	-1	2	0	0	-1	2	0	-1	-1	1	0	-1	-1	3	0	0	-1	4	0	0	-1	2	0	0	-1	4	0	0	-1	5	0	-1	1	1	0	0	-1	5	0	0	-1	0	0	-1	1	3	0	-1	-1	0	0	0	-1	4	0	0	-1	2	0	0	-1	3	0	0	-1	3	0	0	-1	2	0	0	-1	4	0	0	-1	2	0	0	-1	2	0	0	-1	
0	11700	0-6-0-5
4	0	-1	-1	0	0	-1	-1	1	0	-1	-1	1	0	-1	-1	2	0	-1	-1	4	0	-1	-1	3	0	-1	-1	4	0	-1	-1	4	0	-1	-1	3	0	-1	-1	0	0	-1	-1	3	0	-1	-1	4	0	-1	-1	3	0	-1	-1	0	0	-1	-1	2	0	-1	-1	1	0	-1	-1	5	0	-1	-1	3	0	-1	-1	5	0	-1	-1	1	0	-1	-1	0	0	-1	-1	4	0	-1	-1	5	0	-1	-1	3	0	-1	-1	1	0	-1	-1	4	0	-1	-1	0	0	-1	-1	0	0	-1	-1	3	0	-1	-1	4	0	-1	-1	0	0	-1	-1	0	0	-1	-1	5	0	-1	-1	5	0	-1	-1	2	0	-1	-1	4	0	0	-1	0	0	0	-1	5	0	0	-1	2	0	0	-1	3	0	-1	-1	0	0	0	-1	1	0	0	-1	3	0	-1	-1	2	0	-1	-1	4	0	0	-1	1	0	0	-1	3	0	-1	-1	2	0	-1	-1	1	0	-1	-1	2	0	0	-1	4	0	0	-1	4	0	-1	-1	5	0	-1	-1	5	0	-1	-1	1	0	-1	-1	3	0	-1	-1	1	0	-1	-1	2	0	-1	-1	0	0	-1	-1	2	0	0	-1	2	0	-1	-1	1	0	-1	-1	3	0	0	-1	4	0	0	-1	2	0	0	-1	4	0	0	-1	5	0	-1	1	1	0	0	-1	5	0	0	-1	0	0	-1	1	3	0	-1	-1	0	0	0	-1	4	0	0	-1	2	0	0	-1	3	0	0	-1	3	0	0	-1	2	0	0	-1	4	0	0	-1	2	0	0	-1	2	0	0	-1	
0	12300	0-6-0-5
4	0	-1	-1	0	0	-1	-1	1	0	-1	-1	1	0	-1	-1	2	0	-1	-1	3	0	-1	-1	1	0	-1	-1	0	0	-1	-1	1	0	-1	-1	3	0	-1	-1	0	0	-1	-1	3	0	-1	-1	4	0	-1	-1	3	0	-1	-1	0	0	-1	-1	2	0	-1	-1	1	0	-1	-1	5	0	-1	-1	3	0	-1	-1	5	0	-1	-1	1	0	-1	-1	0	0	-1	-1	4	0	-1	-1	5	0	-1	-1	3	0	-1	-1	1	0	-1	-1	4	0	-1	-1	0	0	-1	-1	0	0	-1	-1	3	0	-1	-1	4	0	-1	-1	0	0	-1	-1	0	0	-1	-1	5	0	-1	-1	5	0	-1	-1	2	0	-1	-1	4	0	0	-1	0	0	0	-1	5	0	0	-1	2	0	0	-1	3	0	-1	-1	0	0	0	-1	1	0	0	-1	3	0	-1	-1	2	0	-1	-1	4	0	0	-1	1	0	0	-1	3	0	-1	-1	2	0	-1	-1	1	0	-1	-1	2	0	0	-1	4	0	0	-1	4	0	-1	-1	5	0	-1	-1	5	0	-1	-1	1	0	-1	-1	3	0	-1	-1	1	0	-1	-1	2	0	-1	-1	0	0	-1	-1	2	0	0	-1	2	0	-1	-1	1	0	-1	-1	3	0	0	-1	4	0	0	-1	2	0	0	-1	4	0	0	-1	5	0	-1	1	1	0	0	-1	5	0	0	-1	0	0	-1	1	3	0	-1	-1	0	0	0	-1	4	0	0	-1	2	0	0	-1	3	0	0	-1	3	0	0	-1	2	0	0	-1	4	0	0	-1	2	0	0	-1	2	0	0	-1	
0	12900	8-6-8-5
4	0	-1	-1	0	0	-1	-1	1	0	-1	-1	1	0	-1	-1	2	0	-1	-1	3	0	-1	-1	5	0	-1	-1	0	0	-1	-1	2	0	-1	-1	3	0	-1	-1	0	0	-1	-1	3	0	-1	-1	4	0	-1	-1	3	0	-1	-1	0	0	-1	-1	1	0	-1	-1	0	0	-1	-1	1	0	-1	-1	3	0	-1	-1	5	0	-1	-1	1	0	-1	-1	0	0	-1	-1	4	0	-1	-1	5	0	-1	-1	2	0	-1	-1	1	0	-1	-1	5	0	-1	-1	0	0	-1	-1	0	0	-1	-1	3	0	-1	-1	4	0	-1	-1	0	0	-1	-1	0	0	-1	-1	3	0	-1	-1	1	0	-1	-1	4	0	-1	-1	4	0	0	-1	0	0	0	-1	5	0	0	-1	2	0	0	-1	3	0	-1	-1	0	0	0	-1	5	0	0	-1	5	0	-1	-1	2	0	-1	-1	4	0	0	-1	1	0	0	-1	3	0	-1	-1	2	0	-1	-1	1	0	-1	-1	2	0	0	-1	1	0	0	-1	3	0	-1	-1	2	0	-1	-1	5	0	-1	-1	1	0	-1	-1	3	0	-1	-1	1	0	-1	-1	2	0	-1	-1	0	0	-1	-1	4	0	0	-1	4	0	-1	-1	5	0	-1	-1	3	0	0	-1	4	0	0	-1	2	0	0	-1	4	0	0	-1	5	0	-1	1	1	0	0	-1	2	0	0	-1	2	0	-1	1	1	0	-1	-1	0	0	0	-1	4	0	0	-1	2	0	0	-1	3	0	0	-1	3	0	0	-1	4	0	0	-1	5	0	-1	2	0	0	-1	3	3	0	-1	-1	
0	13500	1-7-2-7
4	0	-1	-1	0	0	-1	-1	1	0	-1	-1	1	0	-1	-1	2	0	-1	-1	3	0	-1	-1	2	0	-1	-1	0	0	-1	-1	4	0	-1	-1	3	0	-1	-1	0	0	-1	-1	3	0	-1	-1	4	0	-1	-1	3	0	-1	-1	0	0	-1	-1	5	0	-1	-1	5	0	-1	-1	2	0	-1	-1	3	0	-1	-1	5	0	-1	-1	1	0	-1	-1	0	0	-1	-1	4	0	-1	-1	5	0	-1	-1	2	0	-1	-1	3	0	-1	-1	5	0	-1	-1	0	0	-1	-1	0	0	-1	-1	3	0	-1	-1	4	0	-1	-1	0	0	-1	-1	0	0	-1	-1	3	0	-1	-1	1	0	-1	-1	4	0	-1	-1	4	0	0	-1	0	0	0	-1	5	0	0	-1	2	0	0	-1	3	0	-1	-1	0	0	0	-1	5	0	0	-1	5	0	-1	-1	2	0	-1	-1	4	0	0	-1	1	0	0	-1	3	0	-1	-1	2	0	-1	-1	1	0	-1	-1	2	0	0	-1	1	0	0	-1	3	0	-1	-1	2	0	-1	-1	5	0	-1	-1	1	0	-1	-1	3	0	-1	-1	1	0	-1	-1	2	0	-1	-1	0	0	-1	-1	4	0	0	-1	4	0	-1	-1	5	0	-1	-1	3	0	0	-1	4	0	0	-1	2	0	0	-1	4	0	0	-1	5	0	-1	1	1	0	0	-1	2	0	0	-1	2	0	-1	1	1	0	-1	-1	0	0	0	-1	4	0	0	-1	2	0	0	-1	3	0	0	-1	3	0	0	-1	4	0	0	-1	5	0	-1	2	0	0	-1	3	3	0	-1	-1	
0	16500	3-3-2-3
4	0	-1	-1	0	0	-1	-1	1	0	-1	-1	0	0	-1	-1	0	0	-1	-1	4	0	-1	-1	2	0	-1	-1	0	0	-1	-1	4	0	-1	-1	3	0	-1	-1	0	0	-1	-1	3	0	-1	-1	1	0	-1	-1	2	0	-1	-1	3	0	-1	-1	5	0	-1	-1	5	0	-1	-1	2	0	-1	-1	3	0	-1	-1	5	0	-1	-1	1	0	-1	-1	4	0	-1	-1	3	0	-1	-1	0	0	-1	-1	2	0	-1	-1	3	0	-1	-1	5	0	-1	-1	0	0	-1	-1	0	0	-1	-1	3	0	-1	-1	4	0	-1	-1	4	0	-1	-1	5	0	-1	-1	3	0	-1	-1	1	0	-1	-1	4	0	-1	-1	4	0	0	-1	0	0	0	-1	5	0	0	-1	2	0	0	-1	3	0	-1	-1	0	0	0	-1	5	0	0	-1	5	0	-1	-1	2	0	-1	-1	4	0	0	-1	1	0	0	-1	3	0	-1	-1	2	0	-1	-1	1	0	-1	-1	2	0	0	-1	1	0	0	-1	3	0	-1	-1	2	0	-1	-1	5	0	-1	-1	1	0	-1	-1	3	0	-1	-1	1	0	-1	-1	2	0	-1	-1	0	0	-1	-1	4	0	0	-1	4	0	-1	-1	5	0	-1	-1	3	0	0	-1	4	0	0	-1	2	0	0	-1	4	0	0	-1	5	0	-1	1	1	0	0	-1	2	0	0	-1	2	0	-1	1	1	0	-1	-1	0	0	0	-1	4	0	0	-1	2	0	0	-1	3	0	0	-1	3	0	0	-1	4	0	0	-1	5	0	-1	2	0	0	-1	3	3	0	-1	-1	
0	17100	5-4-6-4
4	0	-1	-1	0	0	-1	-1	1	0	-1	-1	4	0	-1	-1	0	0	-1	-1	2	0	-1	-1	0	0	-1	-1	1	0	-1	-1	5	0	-1	-1	3	0	-1	-1	0	0	-1	-1	3	0	-1	-1	0	0	-1	-1	0	0	-1	-1	2	0	-1	-1	1	0	-1	-1	0	0	-1	-1	4	0	-1	-1	3	0	-1	-1	5	0	-1	-1	1	0	-1	-1	1	0	-1	-1	2	0	-1	-1	5	0	-1	-1	4	0	-1	-1	0	0	-1	-1	2	0	-1	-1	0	0	-1	-1	0	0	-1	-1	3	0	-1	-1	4	0	-1	-1	3	0	-1	-1	1	0	-1	-1	2	0	-1	-1	3	0	-1	-1	4	0	-1	-1	4	0	0	-1	0	0	0	-1	5	0	0	-1	4	0	0	-1	4	0	-1	-1	3	0	-1	0	3	0	-1	1	1	0	-1	-1	2	0	-1	-1	4	0	0	-1	1	0	0	-1	3	0	-1	-1	2	0	-1	-1	3	0	-1	-1	4	0	-1	2	1	0	0	-1	3	0	-1	-1	2	0	-1	-1	5	0	-1	-1	1	0	-1	-1	3	0	-1	-1	1	0	-1	-1	1	0	-1	-1	3	0	-1	-1	4	0	0	-1	4	0	-1	-1	5	0	-1	-1	3	0	0	-1	4	0	0	-1	2	0	0	-1	4	0	0	-1	5	0	-1	1	1	0	0	-1	2	0	0	-1	2	0	-1	1	1	0	-1	-1	0	0	0	-1	4	0	0	-1	2	0	0	-1	3	0	0	-1	3	0	0	-1	4	0	0	-1	5	0	-1	2	0	0	-1	3	3	0	-1	-1	
0	35700	0-7-0-6
4	0	-1	-1	0	0	-1	-1	1	0	-1	-1	4	0	-1	-1	0	0	-1	-1	2	0	-1	-1	1	0	-1	-1	0	0	-1	-1	5	0	-1	-1	3	0	-1	-1	0	0	-1	-1	3	0	-1	-1	0	0	-1	-1	0	0	-1	-1	2	0	-1	-1	1	0	-1	-1	4	0	-1	-1	4	0	-1	-1	3	0	-1	-1	5	0	-1	-1	1	0	-1	-1	1	0	-1	-1	2	0	-1	-1	5	0	-1	-1	4	0	-1	-1	3	0	-1	-1	2	0	-1	-1	0	0	-1	-1	0	0	-1	-1	3	0	-1	-1	4	0	-1	-1	3	0	-1	-1	1	0	-1	-1	2	0	-1	-1	3	0	-1	-1	4	0	-1	-1	4	0	0	-1	0	0	0	-1	5	0	0	-1	4	0	0	-1	4	0	-1	-1	3	0	-1	0	3	0	-1	1	1	0	-1	-1	2	0	-1	-1	4	0	0	-1	1	0	0	-1	3	0	-1	-1	2	0	-1	-1	3	0	-1	-1	4	0	-1	2	1	0	0	-1	3	0	-1	-1	2	0	-1	-1	5	0	-1	-1	1	0	-1	-1	3	0	-1	-1	1	0	-1	-1	1	0	-1	-1	3	0	-1	-1	4	0	0	-1	4	0	-1	-1	5	0	-1	-1	3	0	0	-1	4	0	0	-1	2	0	0	-1	4	0	0	-1	5	0	-1	1	1	0	0	-1	2	0	0	-1	2	0	-1	1	1	0	-1	-1	0	0	0	-1	4	0	0	-1	2	0	0	-1	3	0	0	-1	3	0	0	-1	4	0	0	-1	5	0	-1	2	0	0	-1	3	3	0	-1	-1	
0	36900	3-8-2-8
4	0	-1	-1	0	0	-1	-1	1	0	-1	-1	4	0	-1	-1	0	0	-1	-1	2	0	-1	-1	1	0	-1	-1	0	0	-1	-1	1	0	-1	-1	3	0	-1	-1	0	0	-1	-1	3	0	-1	-1	0	0	-1	-1	0	0	-1	-1	2	0	-1	-1	1	0	-1	-1	4	0	-1	-1	2	0	-1	-1	3	0	-1	-1	5	0	-1	-1	1	0	-1	-1	1	0	-1	-1	2	0	-1	-1	5	0	-1	-1	4	0	-1	-1	3	0	-1	-1	0	0	-1	-1	0	0	-1	-1	0	0	-1	-1	3	0	-1	-1	4	0	-1	-1	3	0	-1	-1	1	0	-1	-1	2	0	-1	-1	3	0	-1	-1	5	0	-1	-1	4	0	0	-1	0	0	0	-1	5	0	0	-1	4	0	0	-1	4	0	-1	-1	3	0	-1	0	3	0	-1	1	1	0	-1	-1	4	0	-1	-1	4	0	0	-1	1	0	0	-1	3	0	-1	-1	2	0	-1	-1	3	0	-1	-1	4	0	-1	2	1	0	0	-1	3	0	-1	-1	4	0	-1	-1	5	0	-1	-1	1	0	-1	-1	3	0	-1	-1	1	0	-1	-1	1	0	-1	-1	3	0	-1	-1	4	0	0	-1	4	0	-1	-1	5	0	-1	-1	3	0	0	-1	4	0	0	-1	2	0	0	-1	4	0	0	-1	5	0	-1	1	1	0	0	-1	2	0	0	-1	2	0	-1	1	1	0	-1	-1	0	0	0	-1	4	0	0	-1	2	0	0	-1	3	0	0	-1	3	0	0	-1	4	0	0	-1	5	0	-1	2	0	0	-1	3	3	0	-1	-1	
0	38100	6-8-6-7
4	0	-1	-1	0	0	-1	-1	1	0	-1	-1	4	0	-1	-1	0	0	-1	-1	2	0	-1	-1	1	0	-1	-1	0	0	-1	-1	3	0	-1	-1	3	0	-1	-1	0	0	-1	-1	3	0	-1	-1	0	0	-1	-1	0	0	-1	-1	2	0	-1	-1	1	0	-1	-1	4	0	-1	-1	0	0	-1	-1	3	0	-1	-1	5	0	-1	-1	1	0	-1	-1	1	0	-1	-1	2	0	-1	-1	5	0	-1	-1	4	0	-1	-1	3	0	-1	-1	2	0	-1	-1	0	0	-1	-1	0	0	-1	-1	3	0	-1	-1	4	0	-1	-1	3	0	-1	-1	1	0	-1	-1	2	0	-1	-1	3	0	-1	-1	1	0	-1	-1	4	0	0	-1	0	0	0	-1	5	0	0	-1	4	0	0	-1	4	0	-1	-1	3	0	-1	0	3	0	-1	1	1	0	-1	-1	2	0	-1	-1	4	0	0	-1	1	0	0	-1	3	0	-1	-1	2	0	-1	-1	3	0	-1	-1	4	0	-1	2	1	0	0	-1	3	0	-1	-1	0	0	-1	-1	5	0	-1	-1	1	0	-1	-1	3	0	-1	-1	1	0	-1	-1	1	0	-1	-1	3	0	-1	-1	4	0	0	-1	5	0	-1	-1	5	0	-1	-1	3	0	0	-1	4	0	0	-1	2	0	0	-1	4	0	0	-1	5	0	-1	1	1	0	0	-1	2	0	0	-1	2	0	-1	1	1	0	-1	-1	0	0	0	-1	4	0	0	-1	2	0	0	-1	3	0	0	-1	3	0	0	-1	4	0	0	-1	5	0	-1	2	0	0	-1	3	3	0	-1	-1	
0	39300	2-1-1-1
4	0	-1	-1	0	0	-1	-1	1	0	-1	-1	4	0	-1	-1	0	0	-1	-1	2	0	-1	-1	1	0	-1	-1	0	0	-1	-1	3	0	-1	-1	3	0	-1	-1	1	0	-1	-1	3	0	-1	-1	0	0	-1	-1	0	0	-1	-1	2	0	-1	-1	1	0	-1	-1	4	0	-1	-1	0	0	-1	-1	3	0	-1	-1	0	0	-1	-1	1	0	-1	-1	1	0	-1	-1	2	0	-1	-1	5	0	-1	-1	4	0	-1	-1	3	0	-1	-1	2	0	-1	-1	0	0	-1	-1	0	0	-1	-1	3	0	-1	-1	4	0	-1	-1	3	0	-1	-1	1	0	-1	-1	2	0	-1	-1	3	0	-1	-1	1	0	-1	-1	4	0	0	-1	5	0	-1	-1	5	0	0	-1	4	0	0	-1	4	0	-1	-1	3	0	-1	0	3	0	-1	1	1	0	-1	-1	2	0	-1	-1	4	0	0	-1	1	0	0	-1	3	0	-1	-1	2	0	-1	-1	3	0	-1	-1	4	0	-1	2	1	0	0	-1	3	0	-1	-1	0	0	-1	-1	5	0	-1	-1	1	0	-1	-1	3	0	-1	-1	1	0	-1	-1	1	0	-1	-1	3	0	-1	-1	4	0	0	-1	5	0	-1	-1	5	0	-1	-1	3	0	0	-1	4	0	0	-1	2	0	0	-1	4	0	0	-1	5	0	-1	1	1	0	0	-1	2	0	0	-1	2	0	-1	1	1	0	-1	-1	0	0	0	-1	4	0	0	-1	2	0	0	-1	3	0	0	-1	3	0	0	-1	4	0	0	-1	5	0	-1	2	0	0	-1	3	3	0	-1	-1	
0	40500	4-4-5-4
4	0	-1	-1	0	0	-1	-1	1	0	-1	-1	4	0	-1	-1	1	0	-1	-1	1	0	-1	-1	3	0	-1	-1	0	0	-1	-1	3	0	-1	-1	3	0	-1	-1	1	0	-1	-1	3	0	-1	-1	0	0	-1	-1	0	0	-1	-1	2	0	-1	-1	1	0	-1	-1	4	0	-1	-1	0	0	-1	-1	3	0	-1	-1	0	0	-1	-1	1	0	-1	-1	1	0	-1	-1	0	0	-1	-1	2	0	-1	-1	1	0	-1	-1	3	0	-1	-1	2	0	-1	-1	0	0	-1	-1	0	0	-1	-1	3	0	-1	-1	4	0	-1	-1	2	0	-1	-1	5	0	-1	-1	4	0	-1	-1	3	0	-1	-1	1	0	-1	-1	4	0	0	-1	5	0	-1	-1	5	0	0	-1	4	0	0	-1	3	0	-1	-1	1	0	-1	0	2	0	-1	1	1	0	-1	-1	2	0	-1	-1	4	0	0	-1	1	0	0	-1	3	0	-1	-1	2	0	-1	-1	4	0	-1	-1	4	0	-1	2	1	0	0	-1	3	0	-1	-1	0	0	-1	-1	5	0	-1	-1	1	0	-1	-1	3	0	-1	-1	1	0	-1	-1	1	0	-1	-1	3	0	-1	-1	4	0	0	-1	5	0	-1	-1	5	0	-1	-1	3	0	0	-1	4	0	0	-1	2	0	0	-1	4	0	0	-1	5	0	-1	1	1	0	0	-1	2	0	0	-1	2	0	-1	1	1	0	-1	-1	0	0	0	-1	4	0	0	-1	2	0	0	-1	3	0	0	-1	3	0	0	-1	4	0	0	-1	5	0	-1	2	0	0	-1	3	3	0	-1	-1	
0	41100	0-6-1-6
4	0	-1	-1	0	0	-1	-1	1	0	-1	-1	4	0	-1	-1	2	0	-1	-1	4	0	-1	-1	4	0	-1	-1	0	0	-1	-1	3	0	-1	-1	3	0	-1	-1	1	0	-1	-1	3	0	-1	-1	0	0	-1	-1	0	0	-1	-1	2	0	-1	-1	3	0	-1	-1	4	0	-1	-1	0	0	-1	-1	3	0	-1	-1	0	0	-1	-1	1	0	-1	-1	1	0	-1	-1	0	0	-1	-1	2	0	-1	-1	1	0	-1	-1	3	0	-1	-1	2	0	-1	-1	0	0	-1	-1	0	0	-1	-1	3	0	-1	-1	4	0	-1	-1	2	0	-1	-1	5	0	-1	-1	4	0	-1	-1	3	0	-1	-1	1	0	-1	-1	4	0	0	-1	5	0	-1	-1	5	0	0	-1	4	0	0	-1	3	0	-1	-1	1	0	-1	0	2	0	-1	1	1	0	-1	-1	2	0	-1	-1	4	0	0	-1	1	0	0	-1	3	0	-1	-1	2	0	-1	-1	4	0	-1	-1	4	0	-1	2	1	0	0	-1	3	0	-1	-1	0	0	-1	-1	5	0	-1	-1	1	0	-1	-1	3	0	-1	-1	1	0	-1	-1	1	0	-1	-1	3	0	-1	-1	4	0	0	-1	5	0	-1	-1	5	0	-1	-1	3	0	0	-1	4	0	0	-1	2	0	0	-1	4	0	0	-1	5	0	-1	1	1	0	0	-1	2	0	0	-1	2	0	-1	1	1	0	-1	-1	0	0	0	-1	4	0	0	-1	2	0	0	-1	3	0	0	-1	3	0	0	-1	4	0	0	-1	5	0	-1	2	0	0	-1	3	3	0	-1	-1	
0	41700	0-5-0-4
