Preamble
===============================================================================
t = gem type
bt = bonus type
i = ice layer
mp = medal portion
mu = medals uncovered
s = score
a = action
tmo = total moves
tme = total medals
r = row
c = columns
-------------------------------------------------------------------------------
tmo	tme	r	c
===============================================================================
20	3	9	9
-------------------------------------------------------------------------------

Key for state and progress information.
2 lines represent a state-action pair:
t	bt	i	mp	t	bt	i	mp	t	bt	i	mp	t	bt	i	mp	t	bt	i	mp	t	bt	i	mp	t	bt	i	mp	t	bt	i	mp	t	bt	i	mp	t	bt	i	mp	t	bt	i	mp	t	bt	i	mp	t	bt	i	mp	t	bt	i	mp	t	bt	i	mp	t	bt	i	mp	t	bt	i	mp	t	bt	i	mp	t	bt	i	mp	t	bt	i	mp	t	bt	i	mp	t	bt	i	mp	t	bt	i	mp	t	bt	i	mp	t	bt	i	mp	t	bt	i	mp	t	bt	i	mp	t	bt	i	mp	t	bt	i	mp	t	bt	i	mp	t	bt	i	mp	t	bt	i	mp	t	bt	i	mp	t	bt	i	mp	t	bt	i	mp	t	bt	i	mp	t	bt	i	mp	t	bt	i	mp	t	bt	i	mp	t	bt	i	mp	t	bt	i	mp	t	bt	i	mp	t	bt	i	mp	t	bt	i	mp	t	bt	i	mp	t	bt	i	mp	t	bt	i	mp	t	bt	i	mp	t	bt	i	mp	t	bt	i	mp	t	bt	i	mp	t	bt	i	mp	t	bt	i	mp	t	bt	i	mp	t	bt	i	mp	t	bt	i	mp	t	bt	i	mp	t	bt	i	mp	t	bt	i	mp	t	bt	i	mp	t	bt	i	mp	t	bt	i	mp	t	bt	i	mp	t	bt	i	mp	t	bt	i	mp	t	bt	i	mp	t	bt	i	mp	t	bt	i	mp	t	bt	i	mp	t	bt	i	mp	t	bt	i	mp	t	bt	i	mp	t	bt	i	mp	t	bt	i	mp	t	bt	i	mp	t	bt	i	mp	t	bt	i	mp	t	bt	i	mp	t	bt	i	mp	t	bt	i	mp	t	bt	i	mp	
===============================================================================
mu	s	a
===============================================================================

2	0	-1	-1	4	0	-1	-1	5	0	-1	-1	3	0	-1	-1	1	0	-1	-1	0	0	-1	-1	2	0	-1	-1	5	0	-1	-1	0	0	-1	-1	2	0	-1	-1	1	0	-1	-1	4	0	-1	-1	5	0	-1	-1	5	0	-1	-1	1	0	-1	-1	1	0	-1	-1	4	0	-1	-1	5	0	-1	-1	5	0	-1	-1	3	0	-1	-1	2	0	-1	-1	3	0	-1	-1	3	0	-1	-1	2	0	-1	-1	1	0	-1	-1	4	0	-1	-1	4	0	-1	-1	1	0	-1	-1	0	0	-1	-1	5	0	-1	-1	4	0	-1	-1	5	0	-1	-1	2	0	-1	-1	2	0	-1	-1	3	0	-1	-1	1	0	-1	-1	2	0	0	-1	2	0	0	-1	5	0	0	-1	1	0	0	-1	2	0	0	-1	3	0	0	-1	4	0	0	-1	5	0	0	-1	3	0	0	-1	0	0	0	-1	2	0	0	-1	3	0	0	-1	3	0	0	-1	2	0	0	-1	0	0	0	-1	1	0	0	-1	5	0	0	-1	3	0	0	-1	4	0	0	-1	5	0	0	-1	4	0	0	-1	4	0	0	-1	5	0	0	-1	5	0	0	-1	4	0	0	-1	3	0	0	-1	1	0	0	-1	5	0	0	-1	2	0	0	-1	5	0	0	-1	0	0	0	-1	1	0	0	-1	4	0	0	-1	5	0	0	-1	0	0	0	-1	1	0	0	-1	0	0	0	-1	2	0	0	-1	4	0	0	-1	3	0	0	-1	5	0	0	-1	0	0	0	-1	4	0	0	-1	0	0	0	-1	4	0	0	-1	
0	0	6-0-6-1
2	0	-1	-1	3	0	-1	-1	4	0	-1	-1	4	0	-1	-1	1	0	-1	-1	0	0	-1	-1	2	0	-1	-1	5	0	-1	-1	0	0	-1	-1	2	0	-1	-1	0	0	-1	-1	0	0	-1	-1	5	0	-1	-1	5	0	-1	-1	1	0	-1	-1	1	0	-1	-1	4	0	-1	-1	5	0	-1	-1	5	0	-1	-1	1	0	-1	-1	5	0	-1	-1	4	0	-1	-1	3	0	-1	-1	2	0	-1	-1	1	0	-1	-1	4	0	-1	-1	4	0	-1	-1	1	0	-1	-1	1	0	-1	-1	0	0	-1	-1	3	0	-1	-1	5	0	-1	-1	2	0	-1	-1	2	0	-1	-1	3	0	-1	-1	1	0	-1	-1	2	0	0	-1	0	0	0	-1	4	0	0	-1	5	0	0	-1	2	0	0	-1	3	0	0	-1	4	0	0	-1	5	0	0	-1	3	0	0	-1	0	0	0	-1	0	0	-1	-1	1	0	-1	-1	3	0	-1	-1	2	0	0	-1	0	0	0	-1	1	0	0	-1	5	0	0	-1	3	0	0	-1	5	0	0	-1	1	0	-1	-1	4	0	-1	-1	1	0	-1	-1	5	0	0	-1	5	0	0	-1	4	0	0	-1	3	0	0	-1	1	0	0	-1	5	0	0	-1	0	0	-1	-1	2	0	-1	-1	0	0	0	-1	1	0	0	-1	4	0	0	-1	5	0	0	-1	0	0	0	-1	1	0	0	-1	0	0	0	-1	2	1	-1	-1	4	0	0	-1	3	0	0	-1	5	0	0	-1	0	0	0	-1	4	0	0	-1	0	0	0	-1	4	0	0	-1	
0	25400	7-6-7-5
2	0	-1	-1	3	0	-1	-1	4	0	-1	-1	4	0	-1	-1	1	0	-1	-1	0	0	-1	-1	1	0	-1	-1	5	0	-1	-1	0	0	-1	-1	2	0	-1	-1	0	0	-1	-1	0	0	-1	-1	5	0	-1	-1	5	0	-1	-1	1	0	-1	-1	4	0	-1	-1	4	0	-1	-1	5	0	-1	-1	5	0	-1	-1	1	0	-1	-1	5	0	-1	-1	4	0	-1	-1	3	0	-1	-1	2	0	-1	-1	3	0	-1	-1	4	0	-1	-1	4	0	-1	-1	1	0	-1	-1	1	0	-1	-1	0	0	-1	-1	3	0	-1	-1	5	0	-1	-1	2	0	-1	-1	2	0	-1	-1	3	0	-1	-1	1	0	-1	-1	2	0	0	-1	0	0	0	-1	4	0	0	-1	5	0	0	-1	2	0	0	-1	3	0	0	-1	1	0	0	-1	5	0	0	-1	3	0	0	-1	0	0	0	-1	0	0	-1	-1	1	0	-1	-1	3	0	-1	-1	2	0	0	-1	0	0	0	-1	1	0	0	-1	5	0	0	-1	3	0	0	-1	5	0	0	-1	1	0	-1	-1	4	0	-1	-1	1	0	-1	-1	5	0	0	-1	5	0	0	-1	2	0	-1	-1	3	0	0	-1	1	0	0	-1	5	0	0	-1	0	0	-1	-1	2	0	-1	-1	0	0	0	-1	1	0	0	-1	5	0	0	-1	4	0	-1	0	0	0	0	-1	1	0	0	-1	0	0	0	-1	2	1	-1	-1	4	0	0	-1	3	0	0	-1	5	0	0	-1	0	0	0	-1	1	0	-1	2	0	0	0	-1	4	0	0	-1	
0	26600	6-7-6-8
2	0	-1	-1	3	0	-1	-1	4	0	-1	-1	4	0	-1	-1	1	0	-1	-1	0	0	-1	-1	1	0	-1	-1	5	0	-1	-1	0	0	-1	-1	2	0	-1	-1	0	0	-1	-1	0	0	-1	-1	5	0	-1	-1	5	0	-1	-1	1	0	-1	-1	4	0	-1	-1	4	0	-1	-1	5	0	-1	-1	5	0	-1	-1	1	0	-1	-1	5	0	-1	-1	4	0	-1	-1	3	0	-1	-1	2	0	-1	-1	3	0	-1	-1	4	0	-1	-1	5	0	-1	-1	1	0	-1	-1	1	0	-1	-1	0	0	-1	-1	3	0	-1	-1	5	0	-1	-1	2	0	-1	-1	2	0	-1	-1	3	0	-1	-1	0	0	-1	-1	2	0	0	-1	0	0	0	-1	4	0	0	-1	5	0	0	-1	2	0	0	-1	3	0	0	-1	1	0	0	-1	5	0	0	-1	5	0	-1	-1	0	0	0	-1	0	0	-1	-1	1	0	-1	-1	3	0	-1	-1	2	0	0	-1	0	0	0	-1	1	0	0	-1	5	0	0	-1	4	0	-1	-1	5	0	0	-1	1	0	-1	-1	4	0	-1	-1	1	0	-1	-1	5	0	0	-1	5	0	0	-1	2	0	-1	-1	1	0	0	-1	1	0	-1	-1	5	0	0	-1	0	0	-1	-1	2	0	-1	-1	0	0	0	-1	1	0	0	-1	5	0	0	-1	4	0	-1	0	0	0	0	-1	1	0	0	-1	0	0	0	-1	2	1	-1	-1	4	0	0	-1	3	0	0	-1	5	0	0	-1	0	0	0	-1	1	0	-1	2	0	0	0	-1	4	0	0	-1	
0	27800	6-7-6-6
2	0	-1	-1	3	0	-1	-1	4	0	-1	-1	4	0	-1	-1	1	0	-1	-1	0	0	-1	-1	0	0	-1	-1	5	0	-1	-1	0	0	-1	-1	2	0	-1	-1	0	0	-1	-1	0	0	-1	-1	5	0	-1	-1	5	0	-1	-1	1	0	-1	-1	3	0	-1	-1	4	0	-1	-1	5	0	-1	-1	5	0	-1	-1	1	0	-1	-1	5	0	-1	-1	4	0	-1	-1	3	0	-1	-1	2	0	-1	-1	1	0	-1	-1	4	0	-1	-1	5	0	-1	-1	1	0	-1	-1	1	0	-1	-1	0	0	-1	-1	3	0	-1	-1	5	0	-1	-1	2	0	-1	-1	1	0	-1	-1	3	0	-1	-1	0	0	-1	-1	2	0	0	-1	0	0	0	-1	4	0	0	-1	5	0	0	-1	2	0	0	-1	3	0	0	-1	4	0	-1	-1	5	0	0	-1	5	0	-1	-1	0	0	0	-1	0	0	-1	-1	1	0	-1	-1	3	0	-1	-1	2	0	0	-1	0	0	0	-1	3	0	-1	-1	5	0	0	-1	4	0	-1	-1	5	0	0	-1	1	0	-1	-1	4	0	-1	-1	1	0	-1	-1	5	0	0	-1	5	0	0	-1	2	0	-1	-1	2	0	0	-1	1	0	-1	-1	5	0	0	-1	0	0	-1	-1	2	0	-1	-1	0	0	0	-1	1	0	0	-1	5	0	0	-1	4	0	-1	0	0	0	0	-1	1	0	0	-1	0	0	0	-1	2	1	-1	-1	4	0	0	-1	3	0	0	-1	5	0	0	-1	0	0	0	-1	1	0	-1	2	0	0	0	-1	4	0	0	-1	
0	29000	7-5-7-4
2	0	-1	-1	3	0	-1	-1	4	0	-1	-1	4	0	-1	-1	3	0	-1	-1	0	0	-1	-1	0	0	-1	-1	5	0	-1	-1	0	0	-1	-1	2	0	-1	-1	0	0	-1	-1	0	0	-1	-1	5	0	-1	-1	2	0	-1	-1	1	0	-1	-1	3	0	-1	-1	4	0	-1	-1	5	0	-1	-1	5	0	-1	-1	1	0	-1	-1	5	0	-1	-1	4	0	-1	-1	4	0	-1	-1	2	0	-1	-1	1	0	-1	-1	4	0	-1	-1	5	0	-1	-1	1	0	-1	-1	1	0	-1	-1	0	0	-1	-1	3	0	-1	-1	1	0	-1	-1	2	0	-1	-1	1	0	-1	-1	3	0	-1	-1	0	0	-1	-1	2	0	0	-1	0	0	0	-1	4	0	0	-1	5	0	0	-1	5	0	0	-1	3	0	0	-1	4	0	-1	-1	5	0	0	-1	5	0	-1	-1	0	0	0	-1	0	0	-1	-1	1	0	-1	-1	3	0	-1	-1	3	0	0	-1	0	0	0	-1	3	0	-1	-1	5	0	0	-1	4	0	-1	-1	5	0	0	-1	1	0	-1	-1	4	0	-1	-1	1	0	-1	-1	5	0	-1	2	5	0	0	-1	2	0	-1	-1	2	0	0	-1	1	0	-1	-1	5	0	0	-1	0	0	-1	-1	2	0	-1	-1	0	0	0	-1	2	0	-1	1	1	0	0	-1	4	0	-1	0	0	0	0	-1	1	0	0	-1	0	0	0	-1	2	1	-1	-1	4	0	0	-1	3	0	0	-1	2	0	-1	3	0	0	0	-1	1	0	-1	2	0	0	0	-1	4	0	0	-1	
0	30200	4-5-5-5
2	0	-1	-1	3	0	-1	-1	4	0	-1	-1	2	0	-1	-1	4	0	-1	-1	0	0	-1	-1	2	0	-1	-1	5	0	-1	-1	0	0	-1	-1	2	0	-1	-1	0	0	-1	-1	0	0	-1	-1	4	0	-1	-1	3	0	-1	-1	1	0	-1	-1	0	0	-1	-1	4	0	-1	-1	5	0	-1	-1	5	0	-1	-1	1	0	-1	-1	5	0	-1	-1	5	0	-1	-1	2	0	-1	-1	2	0	-1	-1	3	0	-1	-1	4	0	-1	-1	5	0	-1	-1	1	0	-1	-1	1	0	-1	-1	0	0	-1	-1	4	0	-1	-1	4	0	-1	-1	2	0	-1	-1	1	0	-1	-1	3	0	-1	-1	0	0	-1	-1	2	0	0	-1	0	0	0	-1	4	0	0	-1	3	0	0	-1	1	0	0	-1	0	0	0	-1	1	0	-1	-1	5	0	0	-1	5	0	-1	-1	0	0	0	-1	0	0	-1	-1	1	0	-1	-1	5	0	-1	-1	5	0	-1	0	3	1	-1	1	4	0	-1	-1	5	0	0	-1	4	0	-1	-1	5	0	0	-1	1	0	-1	-1	4	0	-1	-1	1	0	-1	-1	5	0	-1	2	5	0	0	-1	2	0	-1	-1	2	0	0	-1	1	0	-1	-1	5	0	0	-1	0	0	-1	-1	2	0	-1	-1	0	0	0	-1	2	0	-1	1	1	0	0	-1	4	0	-1	0	0	0	0	-1	1	0	0	-1	0	0	0	-1	2	1	-1	-1	4	0	0	-1	3	0	0	-1	2	0	-1	3	0	0	0	-1	1	0	-1	2	0	0	0	-1	4	0	0	-1	
0	31000	5-3-6-3
2	0	-1	-1	3	0	-1	-1	5	0	-1	-1	4	0	-1	-1	2	0	-1	-1	4	0	-1	-1	1	0	-1	-1	5	0	-1	-1	0	0	-1	-1	2	0	-1	-1	0	0	-1	-1	4	0	-1	-1	2	0	-1	-1	4	0	-1	-1	0	0	-1	-1	2	0	-1	-1	4	0	-1	-1	5	0	-1	-1	5	0	-1	-1	1	0	-1	-1	0	0	-1	-1	2	0	-1	-1	4	0	-1	-1	1	0	-1	-1	3	0	-1	-1	4	0	-1	-1	5	0	-1	-1	1	0	-1	-1	1	0	-1	-1	5	0	-1	-1	4	0	-1	-1	3	0	-1	-1	2	0	-1	-1	1	0	-1	-1	3	0	-1	-1	0	0	-1	-1	2	0	0	-1	0	0	0	-1	0	0	-1	-1	5	0	-1	-1	2	0	-1	-1	2	0	0	-1	1	0	-1	-1	5	0	0	-1	5	0	-1	-1	0	0	0	-1	0	0	-1	-1	1	0	-1	-1	3	0	-1	-1	1	0	-1	0	0	0	-1	1	4	0	-1	-1	5	0	0	-1	4	0	-1	-1	5	0	0	-1	1	0	-1	-1	4	0	-1	-1	1	0	-1	-1	5	0	-1	2	3	1	-1	-1	2	0	-1	-1	2	0	0	-1	1	0	-1	-1	5	0	0	-1	0	0	-1	-1	2	0	-1	-1	0	0	0	-1	2	0	-1	1	1	0	0	-1	4	0	-1	0	0	0	0	-1	1	0	0	-1	0	0	0	-1	2	1	-1	-1	4	0	0	-1	3	0	0	-1	2	0	-1	3	0	0	0	-1	1	0	-1	2	0	0	0	-1	4	0	0	-1	
1	38600	4-2-5-2
5	0	-1	-1	0	0	-1	-1	0	0	-1	-1	4	0	-1	-1	2	0	-1	-1	4	0	-1	-1	1	0	-1	-1	5	0	-1	-1	0	0	-1	-1	2	0	-1	-1	3	0	-1	-1	5	0	-1	-1	2	0	-1	-1	4	0	-1	-1	0	0	-1	-1	2	0	-1	-1	4	0	-1	-1	5	0	-1	-1	2	0	-1	-1	0	0	-1	-1	4	0	-1	-1	2	0	-1	-1	4	0	-1	-1	1	0	-1	-1	3	0	-1	-1	4	0	-1	-1	5	0	-1	-1	5	0	-1	-1	1	0	-1	-1	0	0	-1	-1	4	0	-1	-1	3	0	-1	-1	2	0	-1	-1	1	0	-1	-1	3	0	-1	-1	0	0	-1	-1	1	0	0	-1	1	0	0	-1	5	0	-1	-1	5	0	-1	-1	2	0	-1	-1	2	0	0	-1	1	0	-1	-1	5	0	0	-1	5	0	-1	-1	2	0	-1	-1	0	0	-1	-1	1	0	-1	-1	3	0	-1	-1	1	0	-1	0	0	0	-1	1	4	0	-1	-1	5	0	0	-1	4	0	-1	-1	5	0	0	-1	1	0	-1	-1	4	0	-1	-1	1	0	-1	-1	5	0	-1	2	3	1	-1	-1	2	0	-1	-1	2	0	0	-1	1	0	-1	-1	5	0	0	-1	0	0	-1	-1	2	0	-1	-1	0	0	0	-1	2	0	-1	1	1	0	0	-1	4	0	-1	0	0	0	0	-1	1	0	0	-1	0	0	0	-1	2	1	-1	-1	4	0	0	-1	3	0	0	-1	2	0	-1	3	0	0	0	-1	1	0	-1	2	0	0	0	-1	4	0	0	-1	
1	39200	5-2-5-1
5	0	-1	-1	4	0	-1	-1	0	0	-1	-1	4	0	-1	-1	2	0	-1	-1	4	0	-1	-1	1	0	-1	-1	5	0	-1	-1	0	0	-1	-1	2	0	-1	-1	1	0	-1	-1	5	0	-1	-1	2	0	-1	-1	4	0	-1	-1	0	0	-1	-1	2	0	-1	-1	4	0	-1	-1	5	0	-1	-1	2	0	-1	-1	1	0	-1	-1	4	0	-1	-1	2	0	-1	-1	4	0	-1	-1	1	0	-1	-1	3	0	-1	-1	4	0	-1	-1	5	0	-1	-1	5	0	-1	-1	0	0	-1	-1	0	0	-1	-1	4	0	-1	-1	3	0	-1	-1	2	0	-1	-1	1	0	-1	-1	3	0	-1	-1	0	0	-1	-1	1	0	0	-1	3	0	-1	-1	5	0	-1	-1	5	0	-1	-1	2	0	-1	-1	2	0	0	-1	1	0	-1	-1	5	0	0	-1	5	0	-1	-1	2	0	-1	-1	0	0	-1	-1	0	0	-1	-1	3	0	-1	-1	1	0	-1	0	0	0	-1	1	4	0	-1	-1	5	0	0	-1	4	0	-1	-1	5	0	0	-1	1	1	-1	-1	4	0	-1	-1	1	0	-1	-1	5	0	-1	2	3	1	-1	-1	2	0	-1	-1	2	0	0	-1	1	0	-1	-1	5	0	0	-1	0	0	-1	-1	2	0	-1	-1	0	0	0	-1	2	0	-1	1	1	0	0	-1	4	0	-1	0	0	0	0	-1	1	0	0	-1	0	0	0	-1	2	1	-1	-1	4	0	0	-1	3	0	0	-1	2	0	-1	3	0	0	0	-1	1	0	-1	2	0	0	0	-1	4	0	0	-1	
1	40800	0-4-0-3
5	0	-1	-1	4	0	-1	-1	0	0	-1	-1	2	0	-1	-1	5	0	-1	-1	4	0	-1	-1	1	0	-1	-1	5	0	-1	-1	0	0	-1	-1	2	0	-1	-1	1	0	-1	-1	5	0	-1	-1	5	0	-1	-1	3	0	-1	-1	0	0	-1	-1	2	0	-1	-1	4	0	-1	-1	5	0	-1	-1	2	0	-1	-1	1	0	-1	-1	4	0	-1	-1	2	0	-1	-1	0	0	-1	-1	1	0	-1	-1	3	0	-1	-1	4	0	-1	-1	5	0	-1	-1	5	0	-1	-1	0	0	-1	-1	0	0	-1	-1	4	0	-1	-1	3	0	-1	-1	2	0	-1	-1	1	0	-1	-1	3	0	-1	-1	0	0	-1	-1	1	0	0	-1	3	0	-1	-1	5	0	-1	-1	5	0	-1	-1	2	0	-1	-1	2	0	0	-1	1	0	-1	-1	5	0	0	-1	5	0	-1	-1	2	0	-1	-1	0	0	-1	-1	0	0	-1	-1	3	0	-1	-1	1	0	-1	0	0	0	-1	1	4	0	-1	-1	5	0	0	-1	4	0	-1	-1	5	0	0	-1	1	1	-1	-1	4	0	-1	-1	1	0	-1	-1	5	0	-1	2	3	1	-1	-1	2	0	-1	-1	2	0	0	-1	1	0	-1	-1	5	0	0	-1	0	0	-1	-1	2	0	-1	-1	0	0	0	-1	2	0	-1	1	1	0	0	-1	4	0	-1	0	0	0	0	-1	1	0	0	-1	0	0	0	-1	2	1	-1	-1	4	0	0	-1	3	0	0	-1	2	0	-1	3	0	0	0	-1	1	0	-1	2	0	0	0	-1	4	0	0	-1	
1	43200	3-8-4-8
5	0	-1	-1	4	0	-1	-1	0	0	-1	-1	2	0	-1	-1	5	0	-1	-1	4	0	-1	-1	1	0	-1	-1	5	0	-1	-1	2	0	-1	-1	2	0	-1	-1	1	0	-1	-1	5	0	-1	-1	5	0	-1	-1	3	0	-1	-1	0	0	-1	-1	2	0	-1	-1	4	0	-1	-1	2	0	-1	-1	2	0	-1	-1	1	0	-1	-1	4	0	-1	-1	2	0	-1	-1	0	0	-1	-1	1	0	-1	-1	3	0	-1	-1	4	0	-1	-1	5	0	-1	-1	5	0	-1	-1	0	0	-1	-1	0	0	-1	-1	4	0	-1	-1	3	0	-1	-1	2	0	-1	-1	1	0	-1	-1	3	0	-1	-1	0	0	-1	-1	1	0	0	-1	3	0	-1	-1	5	0	-1	-1	5	0	-1	-1	2	0	-1	-1	2	0	0	-1	1	0	-1	-1	5	0	0	-1	0	0	-1	-1	2	0	-1	-1	0	0	-1	-1	0	0	-1	-1	3	0	-1	-1	1	0	-1	0	0	0	-1	1	4	0	-1	-1	5	0	0	-1	4	0	-1	-1	5	0	0	-1	1	1	-1	-1	4	0	-1	-1	1	0	-1	-1	5	0	-1	2	3	1	-1	-1	2	0	-1	-1	2	0	0	-1	1	0	-1	-1	5	0	0	-1	0	0	-1	-1	2	0	-1	-1	0	0	0	-1	2	0	-1	1	1	0	0	-1	4	0	-1	0	0	0	0	-1	1	0	0	-1	0	0	0	-1	2	1	-1	-1	4	0	0	-1	3	0	0	-1	2	0	-1	3	0	0	0	-1	1	0	-1	2	0	0	0	-1	4	0	0	-1	
1	44400	0-4-1-4
5	0	-1	-1	4	0	-1	-1	2	0	-1	-1	0	0	-1	-1	1	0	-1	-1	4	0	-1	-1	1	0	-1	-1	5	0	-1	-1	2	0	-1	-1	2	0	-1	-1	1	0	-1	-1	0	0	-1	-1	2	0	-1	-1	3	0	-1	-1	0	0	-1	-1	2	0	-1	-1	4	0	-1	-1	2	0	-1	-1	2	0	-1	-1	1	0	-1	-1	4	0	-1	-1	2	0	-1	-1	0	0	-1	-1	1	0	-1	-1	3	0	-1	-1	4	0	-1	-1	5	0	-1	-1	5	0	-1	-1	0	0	-1	-1	0	0	-1	-1	4	0	-1	-1	3	0	-1	-1	2	0	-1	-1	1	0	-1	-1	3	0	-1	-1	0	0	-1	-1	1	0	0	-1	3	0	-1	-1	5	0	-1	-1	5	0	-1	-1	2	0	-1	-1	2	0	0	-1	1	0	-1	-1	5	0	0	-1	0	0	-1	-1	2	0	-1	-1	0	0	-1	-1	0	0	-1	-1	3	0	-1	-1	1	0	-1	0	0	0	-1	1	4	0	-1	-1	5	0	0	-1	4	0	-1	-1	5	0	0	-1	1	1	-1	-1	4	0	-1	-1	1	0	-1	-1	5	0	-1	2	3	1	-1	-1	2	0	-1	-1	2	0	0	-1	1	0	-1	-1	5	0	0	-1	0	0	-1	-1	2	0	-1	-1	0	0	0	-1	2	0	-1	1	1	0	0	-1	4	0	-1	0	0	0	0	-1	1	0	0	-1	0	0	0	-1	2	1	-1	-1	4	0	0	-1	3	0	0	-1	2	0	-1	3	0	0	0	-1	1	0	-1	2	0	0	0	-1	4	0	0	-1	
1	45000	0-3-0-2
5	0	-1	-1	4	0	-1	-1	0	0	-1	-1	3	0	-1	-1	1	0	-1	-1	4	0	-1	-1	1	0	-1	-1	5	0	-1	-1	2	0	-1	-1	2	0	-1	-1	1	0	-1	-1	0	0	-1	-1	5	0	-1	-1	3	0	-1	-1	0	0	-1	-1	2	0	-1	-1	4	0	-1	-1	2	0	-1	-1	2	0	-1	-1	1	0	-1	-1	4	0	-1	-1	2	0	-1	-1	0	0	-1	-1	1	0	-1	-1	3	0	-1	-1	4	0	-1	-1	5	0	-1	-1	5	0	-1	-1	0	0	-1	-1	0	0	-1	-1	4	0	-1	-1	3	0	-1	-1	2	0	-1	-1	1	0	-1	-1	3	0	-1	-1	0	0	-1	-1	1	0	0	-1	3	0	-1	-1	5	0	-1	-1	5	0	-1	-1	2	0	-1	-1	2	0	0	-1	1	0	-1	-1	5	0	0	-1	0	0	-1	-1	2	0	-1	-1	0	0	-1	-1	0	0	-1	-1	3	0	-1	-1	1	0	-1	0	0	0	-1	1	4	0	-1	-1	5	0	0	-1	4	0	-1	-1	5	0	0	-1	1	1	-1	-1	4	0	-1	-1	1	0	-1	-1	5	0	-1	2	3	1	-1	-1	2	0	-1	-1	2	0	0	-1	1	0	-1	-1	5	0	0	-1	0	0	-1	-1	2	0	-1	-1	0	0	0	-1	2	0	-1	1	1	0	0	-1	4	0	-1	0	0	0	0	-1	1	0	0	-1	0	0	0	-1	2	1	-1	-1	4	0	0	-1	3	0	0	-1	2	0	-1	3	0	0	0	-1	1	0	-1	2	0	0	0	-1	4	0	0	-1	
1	46200	3-2-2-2
5	0	-1	-1	4	0	-1	-1	0	0	-1	-1	3	0	-1	-1	1	0	-1	-1	4	0	-1	-1	1	0	-1	-1	5	0	-1	-1	2	0	-1	-1	2	0	-1	-1	1	0	-1	-1	2	0	-1	-1	5	0	-1	-1	3	0	-1	-1	0	0	-1	-1	2	0	-1	-1	4	0	-1	-1	2	0	-1	-1	2	0	-1	-1	1	0	-1	-1	4	0	-1	-1	2	0	-1	-1	0	0	-1	-1	1	0	-1	-1	3	0	-1	-1	4	0	-1	-1	5	0	-1	-1	5	0	-1	-1	0	0	-1	-1	4	0	-1	-1	4	0	-1	-1	3	0	-1	-1	2	0	-1	-1	1	0	-1	-1	3	0	-1	-1	0	0	-1	-1	1	0	0	-1	3	0	-1	-1	5	0	-1	-1	5	0	-1	-1	2	0	-1	-1	2	0	0	-1	1	0	-1	-1	5	0	0	-1	0	0	-1	-1	2	0	-1	-1	0	0	-1	-1	0	0	-1	-1	3	0	-1	-1	1	0	-1	0	0	0	-1	1	4	0	-1	-1	5	0	0	-1	4	0	-1	-1	5	0	0	-1	1	1	-1	-1	4	0	-1	-1	1	0	-1	-1	5	0	-1	2	3	1	-1	-1	2	0	-1	-1	2	0	0	-1	1	0	-1	-1	5	0	0	-1	0	0	-1	-1	2	0	-1	-1	0	0	0	-1	2	0	-1	1	1	0	0	-1	4	0	-1	0	0	0	0	-1	1	0	0	-1	0	0	0	-1	2	1	-1	-1	4	0	0	-1	3	0	0	-1	2	0	-1	3	0	0	0	-1	1	0	-1	2	0	0	0	-1	4	0	0	-1	
1	47400	2-6-2-5
5	0	-1	-1	4	0	-1	-1	0	0	-1	-1	3	0	-1	-1	5	0	-1	-1	4	0	-1	-1	4	0	-1	-1	5	0	-1	-1	2	0	-1	-1	2	0	-1	-1	1	0	-1	-1	2	0	-1	-1	5	0	-1	-1	1	0	-1	-1	4	0	-1	-1	0	0	-1	-1	4	0	-1	-1	2	0	-1	-1	2	0	-1	-1	1	0	-1	-1	4	0	-1	-1	2	0	-1	-1	3	0	-1	-1	0	0	-1	-1	0	0	-1	-1	4	0	-1	-1	5	0	-1	-1	5	0	-1	-1	0	0	-1	-1	4	0	-1	-1	4	0	-1	-1	0	0	-1	-1	3	0	-1	-1	5	0	-1	-1	3	0	-1	-1	0	0	-1	-1	1	0	0	-1	3	0	-1	-1	5	0	-1	-1	5	0	-1	-1	3	0	-1	-1	2	0	-1	-1	1	0	-1	-1	5	0	0	-1	0	0	-1	-1	2	0	-1	-1	0	0	-1	-1	0	0	-1	-1	3	0	-1	-1	1	0	-1	0	0	0	-1	1	4	0	-1	-1	5	0	0	-1	4	0	-1	-1	5	0	0	-1	1	1	-1	-1	4	0	-1	-1	1	0	-1	-1	5	0	-1	2	3	1	-1	-1	2	0	-1	-1	2	0	0	-1	1	0	-1	-1	5	0	0	-1	0	0	-1	-1	2	0	-1	-1	0	0	0	-1	2	0	-1	1	1	0	0	-1	4	0	-1	0	0	0	0	-1	1	0	0	-1	0	0	0	-1	2	1	-1	-1	4	0	0	-1	3	0	0	-1	2	0	-1	3	0	0	0	-1	1	0	-1	2	0	0	0	-1	4	0	0	-1	
1	49800	2-4-3-4
5	0	-1	-1	4	0	-1	-1	0	0	-1	-1	5	0	-1	-1	1	0	-1	-1	4	0	-1	-1	1	0	-1	-1	0	0	-1	-1	2	0	-1	-1	2	0	-1	-1	1	0	-1	-1	2	0	-1	-1	5	0	-1	-1	5	0	-1	-1	1	0	-1	-1	5	0	-1	-1	5	0	-1	-1	2	0	-1	-1	2	0	-1	-1	1	0	-1	-1	4	0	-1	-1	2	0	-1	-1	1	0	-1	-1	4	0	-1	-1	0	0	-1	-1	4	0	-1	-1	5	0	-1	-1	5	0	-1	-1	0	0	-1	-1	4	0	-1	-1	4	0	-1	-1	3	0	-1	-1	3	0	-1	-1	5	0	-1	-1	3	0	-1	-1	0	0	-1	-1	1	0	0	-1	3	0	-1	-1	5	0	-1	-1	5	0	-1	-1	3	0	-1	-1	2	0	-1	-1	1	0	-1	-1	5	0	0	-1	0	0	-1	-1	2	0	-1	-1	0	0	-1	-1	0	0	-1	-1	3	0	-1	-1	1	0	-1	0	0	0	-1	1	4	0	-1	-1	5	0	0	-1	4	0	-1	-1	5	0	0	-1	1	1	-1	-1	4	0	-1	-1	1	0	-1	-1	5	0	-1	2	3	1	-1	-1	2	0	-1	-1	2	0	0	-1	1	0	-1	-1	5	0	0	-1	0	0	-1	-1	2	0	-1	-1	0	0	0	-1	2	0	-1	1	1	0	0	-1	4	0	-1	0	0	0	0	-1	1	0	0	-1	0	0	0	-1	2	1	-1	-1	4	0	0	-1	3	0	0	-1	2	0	-1	3	0	0	0	-1	1	0	-1	2	0	0	0	-1	4	0	0	-1	
1	54000	1-5-0-5
5	0	-1	-1	4	0	-1	-1	0	0	-1	-1	5	0	-1	-1	4	0	-1	-1	3	0	-1	-1	0	0	-1	-1	0	0	-1	-1	2	0	-1	-1	2	0	-1	-1	1	0	-1	-1	2	0	-1	-1	5	0	-1	-1	5	0	-1	-1	4	0	-1	-1	5	0	-1	-1	5	0	-1	-1	2	0	-1	-1	2	0	-1	-1	1	0	-1	-1	4	0	-1	-1	2	0	-1	-1	1	0	-1	-1	4	0	-1	-1	0	0	-1	-1	4	0	-1	-1	5	0	-1	-1	5	0	-1	-1	0	0	-1	-1	4	0	-1	-1	4	0	-1	-1	3	0	-1	-1	3	0	-1	-1	5	0	-1	-1	3	0	-1	-1	0	0	-1	-1	1	0	0	-1	3	0	-1	-1	5	0	-1	-1	5	0	-1	-1	3	0	-1	-1	2	0	-1	-1	1	0	-1	-1	5	0	0	-1	0	0	-1	-1	2	0	-1	-1	0	0	-1	-1	0	0	-1	-1	3	0	-1	-1	1	0	-1	0	0	0	-1	1	4	0	-1	-1	5	0	0	-1	4	0	-1	-1	5	0	0	-1	1	1	-1	-1	4	0	-1	-1	1	0	-1	-1	5	0	-1	2	3	1	-1	-1	2	0	-1	-1	2	0	0	-1	1	0	-1	-1	5	0	0	-1	0	0	-1	-1	2	0	-1	-1	0	0	0	-1	2	0	-1	1	1	0	0	-1	4	0	-1	0	0	0	0	-1	1	0	0	-1	0	0	0	-1	2	1	-1	-1	4	0	0	-1	3	0	0	-1	2	0	-1	3	0	0	0	-1	1	0	-1	2	0	0	0	-1	4	0	0	-1	
1	54600	0-4-0-5
5	0	-1	-1	4	0	-1	-1	0	0	-1	-1	5	0	-1	-1	3	0	-1	-1	4	0	-1	-1	0	0	-1	-1	0	0	-1	-1	2	0	-1	-1	2	0	-1	-1	1	0	-1	-1	2	0	-1	-1	5	0	-1	-1	5	0	-1	-1	3	0	-1	-1	5	0	-1	-1	5	0	-1	-1	2	0	-1	-1	2	0	-1	-1	1	0	-1	-1	4	0	-1	-1	2	0	-1	-1	1	0	-1	-1	1	0	-1	-1	0	0	-1	-1	4	0	-1	-1	5	0	-1	-1	5	0	-1	-1	0	0	-1	-1	4	0	-1	-1	4	0	-1	-1	3	0	-1	-1	3	0	-1	-1	5	0	-1	-1	3	0	-1	-1	0	0	-1	-1	1	0	0	-1	3	0	-1	-1	5	0	-1	-1	5	0	-1	-1	3	0	-1	-1	2	0	-1	-1	1	0	-1	-1	5	0	0	-1	0	0	-1	-1	2	0	-1	-1	0	0	-1	-1	0	0	-1	-1	3	0	-1	-1	1	0	-1	0	0	0	-1	1	4	0	-1	-1	5	0	0	-1	4	0	-1	-1	5	0	0	-1	1	1	-1	-1	4	0	-1	-1	1	0	-1	-1	5	0	-1	2	3	1	-1	-1	2	0	-1	-1	2	0	0	-1	1	0	-1	-1	5	0	0	-1	0	0	-1	-1	2	0	-1	-1	0	0	0	-1	2	0	-1	1	1	0	0	-1	4	0	-1	0	0	0	0	-1	1	0	0	-1	0	0	0	-1	2	1	-1	-1	4	0	0	-1	3	0	0	-1	2	0	-1	3	0	0	0	-1	1	0	-1	2	0	0	0	-1	4	0	0	-1	
1	55800	5-4-5-3
5	0	-1	-1	4	0	-1	-1	3	0	-1	-1	0	0	-1	-1	5	0	-1	-1	4	0	-1	-1	0	0	-1	-1	0	0	-1	-1	2	0	-1	-1	2	0	-1	-1	1	0	-1	-1	0	0	-1	-1	0	0	-1	-1	1	0	-1	-1	3	0	-1	-1	5	0	-1	-1	5	0	-1	-1	2	0	-1	-1	2	0	-1	-1	1	0	-1	-1	2	0	-1	-1	1	0	-1	-1	2	0	-1	-1	1	0	-1	-1	0	0	-1	-1	4	0	-1	-1	5	0	-1	-1	5	0	-1	-1	0	0	-1	-1	4	0	-1	-1	2	0	-1	-1	5	0	-1	-1	3	0	-1	-1	5	0	-1	-1	3	0	-1	-1	0	0	-1	-1	1	0	0	-1	3	0	-1	-1	4	0	-1	-1	4	0	-1	-1	3	0	-1	-1	2	0	-1	-1	1	0	-1	-1	5	0	0	-1	0	0	-1	-1	2	0	-1	-1	0	0	-1	-1	0	0	-1	-1	1	0	-1	-1	1	0	-1	0	0	0	-1	1	4	0	-1	-1	5	0	0	-1	4	0	-1	-1	5	0	0	-1	1	1	-1	-1	4	0	-1	-1	1	0	-1	-1	5	0	-1	2	3	1	-1	-1	2	0	-1	-1	2	0	0	-1	1	0	-1	-1	5	0	0	-1	0	0	-1	-1	2	0	-1	-1	0	0	0	-1	2	0	-1	1	1	0	0	-1	4	0	-1	0	0	0	0	-1	1	0	0	-1	0	0	0	-1	2	1	-1	-1	4	0	0	-1	3	0	0	-1	2	0	-1	3	0	0	0	-1	1	0	-1	2	0	0	0	-1	4	0	0	-1	
1	61800	5-2-6-2
5	0	-1	-1	4	0	-1	-1	2	0	-1	-1	0	0	-1	-1	5	0	-1	-1	4	0	-1	-1	0	0	-1	-1	0	0	-1	-1	2	0	-1	-1	2	0	-1	-1	1	0	-1	-1	3	0	-1	-1	0	0	-1	-1	1	0	-1	-1	3	0	-1	-1	5	0	-1	-1	5	0	-1	-1	2	0	-1	-1	2	0	-1	-1	1	0	-1	-1	5	0	-1	-1	1	0	-1	-1	2	0	-1	-1	1	0	-1	-1	0	0	-1	-1	4	0	-1	-1	5	0	-1	-1	5	0	-1	-1	0	0	-1	-1	3	0	-1	-1	2	0	-1	-1	5	0	-1	-1	3	0	-1	-1	5	0	-1	-1	3	0	-1	-1	0	0	-1	-1	1	0	0	-1	3	0	-1	-1	0	0	-1	-1	4	0	-1	-1	3	0	-1	-1	2	0	-1	-1	1	0	-1	-1	5	0	0	-1	0	0	-1	-1	2	0	-1	-1	0	0	-1	-1	2	0	-1	-1	1	0	-1	-1	1	0	-1	0	0	0	-1	1	4	0	-1	-1	5	0	0	-1	4	0	-1	-1	5	0	0	-1	1	1	-1	-1	0	0	-1	-1	1	0	-1	-1	5	0	-1	2	3	1	-1	-1	2	0	-1	-1	2	0	0	-1	1	0	-1	-1	5	0	0	-1	0	0	-1	-1	2	0	-1	-1	0	0	0	-1	2	0	-1	1	1	0	0	-1	4	0	-1	0	0	0	0	-1	1	0	0	-1	0	0	0	-1	2	1	-1	-1	4	0	0	-1	3	0	0	-1	2	0	-1	3	0	0	0	-1	1	0	-1	2	0	0	0	-1	4	0	0	-1	
1	63000	-1--1--1--1
