20	6500	0	1	1	1	-1	5	1	1	-1	5	1	1	-1	1	1	-1	-1	3	1	1	-1	2	1	1	-1	1	1	1	-1	5	1	1	-1	2	1	1	-1	2	1	-1	-1	3	1	-1	-1	0	1	-1	-1	4	1	-1	-1	3	1	-1	-1	2	1	1	-1	4	1	1	-1	2	1	1	-1	1	1	1	-1	3	1	1	-1	1	1	-1	0	4	1	1	-1	0	1	-1	-1	4	1	-1	-1	3	1	1	-1	2	1	1	-1	3	1	1	-1	5	1	1	-1	3	1	-1	-1	0	1	-1	2	5	1	-1	3	5	1	-1	-1	3	1	-1	-1	5	1	-1	-1	0	1	1	-1	5	1	1	-1	4	1	1	-1	2	1	-1	-1	1	1	-1	-1	2	1	-1	-1	2	1	-1	0	1	1	-1	1	0	1	-1	-1	5	1	-1	-1	1	1	-1	-1	0	1	-1	-1	0	1	1	-1	2	1	1	-1	2	1	1	-1	5	1	1	-1	3	1	-1	3	4	1	-1	-1	3	1	-1	-1	5	1	-1	-1	0	1	-1	-1	4	1	1	-1	0	1	1	-1	4	1	1	-1	3	1	1	-1	3	1	-1	-1	2	1	-1	-1	4	1	-1	-1	2	1	-1	-1	1	1	1	-1	0	1	1	-1	4	1	1	-1	1	1	1	-1	2	1	1	-1	2	1	1	-1	1	2	1	-1	2	1	1	-1	0	1	1	-1	4	1	1	-1	4	1	1	-1	1	1	1	-1	0	1	1	-1	4	1	1	-1	1	1	1	-1	4	1	1	-1	0	1	1	-1	0	1	1	-1	5	1	1	-1	
18	6200	0	1	1	1	-1	3	1	1	-1	0	1	1	-1	4	1	-1	-1	3	1	1	-1	2	1	1	-1	1	1	1	-1	5	1	1	-1	2	1	1	-1	2	1	-1	-1	1	1	-1	-1	4	1	-1	-1	0	1	-1	-1	3	1	-1	-1	2	1	1	-1	4	1	1	-1	2	1	1	-1	1	1	1	-1	3	1	1	-1	0	1	-1	0	5	1	1	-1	5	1	-1	-1	4	1	-1	-1	3	1	1	-1	2	1	1	-1	3	1	1	-1	5	1	1	-1	1	1	-1	-1	3	1	-1	2	1	1	-1	3	1	1	-1	-1	3	1	-1	-1	5	1	-1	-1	0	1	1	-1	5	1	1	-1	4	1	1	-1	2	1	-1	-1	1	1	-1	-1	2	1	-1	-1	2	1	-1	0	1	1	-1	1	0	1	-1	-1	5	1	-1	-1	1	1	-1	-1	0	1	-1	-1	0	1	1	-1	2	1	1	-1	2	1	1	-1	5	1	1	-1	3	1	-1	3	4	1	-1	-1	3	1	-1	-1	5	1	-1	-1	0	1	-1	-1	4	1	1	-1	0	1	1	-1	4	1	1	-1	3	1	1	-1	3	1	-1	-1	2	1	-1	-1	4	1	-1	-1	2	1	-1	-1	1	1	1	-1	0	1	1	-1	4	1	1	-1	1	1	1	-1	2	1	1	-1	2	1	1	-1	1	2	1	-1	2	1	1	-1	0	1	1	-1	4	1	1	-1	4	1	1	-1	1	1	1	-1	0	1	1	-1	4	1	1	-1	1	1	1	-1	4	1	1	-1	0	1	1	-1	0	1	1	-1	5	1	1	-1	
19	3-1-3-0
21	2-3-1-3
22	12300	1	1	1	1	-1	5	1	1	-1	1	1	1	-1	2	1	-1	-1	5	1	1	-1	2	1	1	-1	1	1	1	-1	5	1	1	-1	2	1	1	-1	2	1	-1	-1	3	1	-1	-1	2	1	-1	-1	0	1	-1	-1	3	1	-1	-1	2	1	1	-1	4	1	1	-1	2	1	1	-1	1	1	1	-1	3	1	1	-1	1	1	-1	0	5	1	-1	1	1	1	-1	-1	4	1	-1	-1	3	1	1	-1	2	1	1	-1	3	1	1	-1	5	1	1	-1	3	1	-1	-1	0	1	-1	2	5	1	-1	3	5	1	-1	-1	4	1	-1	-1	5	1	-1	-1	0	1	1	-1	5	1	1	-1	4	1	1	-1	2	1	-1	-1	1	1	-1	-1	2	1	-1	-1	2	1	-1	0	1	1	-1	1	0	1	-1	-1	5	1	-1	-1	1	1	-1	-1	0	1	-1	-1	0	1	1	-1	2	1	1	-1	2	1	1	-1	5	1	1	-1	3	1	-1	3	4	1	-1	-1	3	1	-1	-1	5	1	-1	-1	0	1	-1	-1	4	1	1	-1	0	1	1	-1	4	1	1	-1	3	1	1	-1	3	1	-1	-1	2	1	-1	-1	4	1	-1	-1	2	1	-1	-1	1	1	1	-1	0	1	1	-1	4	1	1	-1	1	1	1	-1	2	1	1	-1	2	1	1	-1	1	2	1	-1	2	1	1	-1	0	1	1	-1	4	1	1	-1	4	1	1	-1	1	1	1	-1	0	1	1	-1	4	1	1	-1	1	1	1	-1	4	1	1	-1	0	1	1	-1	0	1	1	-1	5	1	1	-1	
23	4-3-5-3
24	16600	2	1	1	1	-1	3	1	1	-1	1	1	1	-1	1	1	-1	-1	5	1	1	-1	2	1	1	-1	1	1	1	-1	5	1	1	-1	2	1	1	-1	2	1	-1	-1	5	1	-1	-1	1	1	-1	-1	2	1	-1	-1	3	1	-1	-1	2	1	1	-1	4	1	1	-1	2	1	1	-1	1	1	1	-1	3	1	1	-1	3	1	-1	0	2	1	-1	1	0	1	-1	-1	4	1	-1	-1	3	1	1	-1	2	1	1	-1	3	1	1	-1	5	1	1	-1	3	1	-1	-1	1	1	-1	2	5	1	-1	3	1	1	-1	-1	4	1	-1	-1	5	1	-1	-1	0	1	1	-1	5	1	1	-1	4	1	1	-1	2	1	-1	-1	0	1	-1	-1	5	1	-1	-1	5	1	-1	0	1	1	-1	1	0	1	-1	-1	5	1	-1	-1	1	1	-1	-1	0	1	-1	-1	0	1	1	-1	1	1	-1	-1	2	1	-1	-1	5	1	-1	2	3	1	-1	3	4	1	-1	-1	3	1	-1	-1	5	1	-1	-1	0	1	-1	-1	4	1	1	-1	0	1	1	-1	4	1	1	-1	3	1	1	-1	3	1	-1	-1	2	1	-1	-1	4	1	-1	-1	2	1	-1	-1	1	1	1	-1	0	1	1	-1	4	1	1	-1	1	1	1	-1	2	1	1	-1	2	1	1	-1	1	2	1	-1	2	1	1	-1	0	1	1	-1	4	1	1	-1	4	1	1	-1	1	1	1	-1	0	1	1	-1	4	1	1	-1	1	1	1	-1	4	1	1	-1	0	1	1	-1	0	1	1	-1	5	1	1	-1	
25	6-6-7-6
26	16900	2	1	1	1	-1	3	1	1	-1	1	1	1	-1	1	1	-1	-1	5	1	1	-1	0	1	1	-1	1	1	1	-1	5	1	1	-1	2	1	1	-1	2	1	-1	-1	5	1	-1	-1	1	1	-1	-1	2	1	-1	-1	3	1	-1	-1	2	1	1	-1	1	1	1	-1	5	1	1	-1	1	1	1	-1	3	1	1	-1	3	1	-1	0	2	1	-1	1	0	1	-1	-1	4	1	-1	-1	2	1	1	-1	4	1	1	-1	2	1	1	-1	5	1	1	-1	3	1	-1	-1	1	1	-1	2	5	1	-1	3	1	1	-1	-1	4	1	-1	-1	3	1	-1	-1	2	1	1	-1	3	1	1	-1	4	1	1	-1	2	1	-1	-1	0	1	-1	-1	5	1	-1	-1	5	1	-1	0	1	1	-1	1	5	1	-1	-1	0	1	-1	-1	5	1	-1	-1	0	1	-1	-1	0	1	1	-1	1	1	-1	-1	2	1	-1	-1	5	1	-1	2	3	1	-1	3	0	1	-1	-1	5	1	-1	-1	1	1	-1	-1	0	1	-1	-1	4	1	1	-1	0	1	1	-1	4	1	1	-1	3	1	1	-1	3	1	-1	-1	4	1	-1	-1	3	1	-1	-1	5	1	-1	-1	1	1	1	-1	0	1	1	-1	4	1	1	-1	1	1	1	-1	2	1	1	-1	2	1	1	-1	1	2	1	-1	4	1	1	-1	0	1	1	-1	4	1	1	-1	4	1	1	-1	1	1	1	-1	0	1	1	-1	4	1	1	-1	1	1	1	-1	4	1	1	-1	0	1	1	-1	0	1	1	-1	5	1	1	-1	
27	7-5-7-6
28	20400	2	1	1	1	-1	3	1	1	-1	1	1	1	-1	0	1	-1	-1	0	1	1	-1	2	1	1	-1	0	1	1	-1	0	1	1	-1	2	1	1	-1	2	1	-1	-1	5	1	-1	-1	1	1	-1	-1	1	1	-1	-1	2	1	-1	-1	5	1	1	-1	1	1	-1	1	5	1	1	-1	1	1	1	-1	3	1	1	-1	3	1	-1	0	2	1	-1	1	2	1	-1	-1	5	1	-1	-1	0	1	1	-1	3	1	-1	3	5	1	1	-1	5	1	1	-1	3	1	-1	-1	1	1	-1	2	5	1	-1	3	0	1	-1	-1	3	1	-1	-1	0	1	-1	-1	0	1	-1	-1	2	1	1	-1	4	1	1	-1	2	1	-1	-1	0	1	-1	-1	5	1	-1	-1	1	1	-1	0	4	1	-1	1	5	1	-1	-1	4	1	-1	-1	3	1	-1	-1	0	1	-1	-1	0	1	1	-1	1	1	-1	-1	2	1	-1	-1	5	1	-1	2	4	1	-1	3	5	1	-1	-1	2	1	-1	-1	5	1	-1	-1	0	1	-1	-1	4	1	1	-1	0	1	1	-1	4	1	1	-1	5	1	-1	1	1	1	-1	-1	0	1	-1	-1	0	1	-1	-1	1	1	-1	-1	1	1	1	-1	0	1	1	-1	4	1	1	-1	1	1	1	-1	3	2	-1	3	3	1	-1	-1	2	1	-1	-1	5	1	1	-1	5	1	1	-1	4	1	1	-1	4	1	1	-1	1	1	1	-1	0	1	1	-1	4	1	1	-1	1	1	1	-1	5	1	-1	-1	1	2	-1	-1	0	1	-1	-1	5	1	1	-1	
29	7-5-8-5
31	6-1-7-1
30	21300	2	1	1	1	-1	3	1	1	-1	1	1	1	-1	4	1	-1	-1	5	1	-1	-1	2	1	-1	-1	5	1	1	-1	3	1	1	-1	2	1	1	-1	2	1	-1	-1	5	1	-1	-1	1	1	-1	-1	1	1	-1	-1	2	1	-1	-1	2	1	1	-1	0	1	-1	1	0	1	1	-1	1	1	1	-1	3	1	1	-1	3	1	-1	0	2	1	-1	1	2	1	-1	-1	5	1	-1	-1	5	1	1	-1	1	1	-1	3	5	1	1	-1	5	1	1	-1	3	1	-1	-1	1	1	-1	2	5	1	-1	3	0	1	-1	-1	3	1	-1	-1	0	1	-1	-1	3	1	-1	-1	5	1	1	-1	4	1	1	-1	2	1	-1	-1	0	1	-1	-1	5	1	-1	-1	1	1	-1	0	4	1	-1	1	0	1	-1	-1	0	1	-1	-1	2	1	-1	-1	0	1	-1	-1	0	1	1	-1	1	1	-1	-1	2	1	-1	-1	5	1	-1	2	4	1	-1	3	5	1	-1	-1	4	1	-1	-1	3	1	-1	-1	0	1	-1	-1	4	1	1	-1	0	1	1	-1	4	1	1	-1	5	1	-1	1	1	1	-1	-1	5	1	-1	-1	2	1	-1	-1	5	1	-1	-1	1	1	1	-1	0	1	1	-1	4	1	1	-1	1	1	1	-1	3	2	-1	3	3	1	-1	-1	0	1	-1	-1	0	1	-1	-1	1	1	-1	-1	4	1	1	-1	4	1	1	-1	1	1	1	-1	0	1	1	-1	4	1	1	-1	1	1	1	-1	2	1	-1	-1	1	2	-1	-1	0	1	-1	-1	5	1	1	-1	
33	4-3-4-2
32	21600	2	2	1	1	-1	0	1	1	-1	4	1	1	-1	4	1	-1	-1	5	1	-1	-1	2	1	-1	-1	5	1	1	-1	3	1	1	-1	2	1	1	-1	1	1	-1	-1	3	1	-1	-1	1	1	-1	-1	1	1	-1	-1	2	1	-1	-1	2	1	1	-1	0	1	-1	1	0	1	1	-1	1	1	1	-1	2	1	1	-1	5	1	-1	0	1	1	-1	1	2	1	-1	-1	5	1	-1	-1	5	1	1	-1	1	1	-1	3	5	1	1	-1	5	1	1	-1	3	1	-1	-1	3	1	-1	2	2	1	-1	3	0	1	-1	-1	3	1	-1	-1	0	1	-1	-1	3	1	-1	-1	5	1	1	-1	4	1	1	-1	3	1	-1	-1	1	1	-1	-1	5	1	-1	-1	1	1	-1	0	4	1	-1	1	0	1	-1	-1	0	1	-1	-1	2	1	-1	-1	0	1	-1	-1	2	1	1	-1	0	1	-1	-1	5	1	-1	-1	5	1	-1	2	4	1	-1	3	5	1	-1	-1	4	1	-1	-1	3	1	-1	-1	0	1	-1	-1	0	1	-1	0	1	1	-1	1	2	1	-1	0	5	1	-1	1	1	1	-1	-1	5	1	-1	-1	2	1	-1	-1	5	1	-1	-1	1	1	1	-1	0	1	1	-1	0	1	1	-1	1	1	1	-1	3	2	-1	3	3	1	-1	-1	0	1	-1	-1	0	1	-1	-1	1	1	-1	-1	4	1	1	-1	4	1	1	-1	1	1	1	-1	0	1	1	-1	4	1	1	-1	1	1	1	-1	2	1	-1	-1	1	2	-1	-1	0	1	-1	-1	5	1	1	-1	
34	24000	2	2	1	1	-1	5	1	1	-1	0	1	1	-1	3	1	-1	-1	0	1	-1	-1	4	1	-1	-1	5	1	1	-1	3	1	1	-1	2	1	1	-1	1	1	-1	-1	0	1	-1	-1	4	1	-1	-1	2	1	-1	-1	5	1	-1	-1	2	1	-1	0	0	1	-1	1	0	1	1	-1	1	1	1	-1	2	1	1	-1	3	1	-1	0	1	1	-1	1	3	1	-1	-1	5	1	-1	-1	5	1	1	-1	1	1	-1	3	5	1	1	-1	5	1	1	-1	3	1	-1	-1	5	1	-1	2	1	1	-1	3	4	1	-1	-1	3	1	-1	-1	0	1	-1	-1	3	1	-1	-1	5	1	1	-1	4	1	1	-1	3	1	-1	-1	3	1	-1	-1	2	1	-1	-1	4	1	-1	0	4	1	-1	1	0	1	-1	-1	0	1	-1	-1	2	1	-1	-1	0	1	-1	-1	2	1	1	-1	0	1	-1	-1	5	1	-1	-1	2	1	-1	2	4	1	-1	3	5	1	-1	-1	4	1	-1	-1	3	1	-1	-1	0	1	-1	-1	0	1	-1	0	1	1	-1	1	2	1	-1	0	0	1	-1	1	1	1	-1	-1	5	1	-1	-1	2	1	-1	-1	5	1	-1	-1	1	1	1	-1	0	1	1	-1	0	1	1	-1	1	1	1	-1	3	2	-1	3	3	1	-1	-1	0	1	-1	-1	0	1	-1	-1	1	1	-1	-1	4	1	1	-1	4	1	1	-1	1	1	1	-1	0	1	1	-1	4	1	1	-1	1	1	1	-1	2	1	-1	-1	1	2	-1	-1	0	1	-1	-1	5	1	1	-1	
35	5-1-5-0
36	24900	2	3	1	-1	-1	5	1	1	-1	0	1	1	-1	3	1	-1	-1	0	1	-1	-1	4	1	-1	-1	5	1	1	-1	3	1	1	-1	2	1	1	-1	5	1	-1	-1	0	1	-1	-1	4	1	-1	-1	2	1	-1	-1	5	1	-1	-1	2	1	-1	0	0	1	-1	1	0	1	1	-1	1	1	1	-1	4	1	-1	-1	3	1	-1	0	1	1	-1	1	3	1	-1	-1	5	1	-1	-1	5	1	1	-1	1	1	-1	3	5	1	1	-1	5	1	1	-1	2	1	-1	-1	5	1	-1	2	1	1	-1	3	4	1	-1	-1	3	1	-1	-1	0	1	-1	-1	3	1	-1	-1	5	1	1	-1	4	1	1	-1	1	1	-1	-1	3	1	-1	-1	2	1	-1	-1	4	1	-1	0	4	1	-1	1	0	1	-1	-1	0	1	-1	-1	2	1	-1	-1	0	1	-1	-1	2	1	-1	-1	2	1	-1	-1	5	1	-1	-1	2	1	-1	2	4	1	-1	3	5	1	-1	-1	4	1	-1	-1	3	1	-1	-1	0	1	-1	-1	3	1	-1	0	1	1	-1	1	2	1	-1	0	0	1	-1	1	1	1	-1	-1	5	1	-1	-1	2	1	-1	-1	5	1	-1	-1	1	1	1	-1	3	1	-1	2	0	1	1	-1	1	1	1	-1	3	2	-1	3	3	1	-1	-1	0	1	-1	-1	0	1	-1	-1	1	1	-1	-1	4	1	1	-1	4	1	1	-1	1	1	1	-1	0	1	1	-1	4	1	1	-1	1	1	1	-1	2	1	-1	-1	1	2	-1	-1	0	1	-1	-1	5	1	1	-1	
37	7-1-7-2
38	29200	3	3	1	-1	-1	3	1	1	-1	0	1	1	-1	3	1	-1	-1	0	1	-1	-1	4	1	-1	-1	5	1	1	-1	3	1	1	-1	2	1	1	-1	5	1	-1	-1	1	1	-1	-1	4	1	-1	-1	2	1	-1	-1	5	1	-1	-1	2	1	-1	0	0	1	-1	1	0	1	1	-1	1	1	1	-1	4	1	-1	-1	0	1	-1	0	1	1	-1	1	3	1	-1	-1	5	1	-1	-1	5	1	1	-1	1	1	-1	3	5	1	1	-1	5	1	1	-1	2	1	-1	-1	5	1	-1	2	1	1	-1	3	4	1	-1	-1	3	1	-1	-1	0	1	-1	-1	3	1	-1	-1	5	1	1	-1	4	1	1	-1	1	1	-1	-1	0	1	-1	-1	2	1	-1	-1	4	1	-1	0	4	1	-1	1	0	1	-1	-1	0	1	-1	-1	2	1	-1	-1	0	1	-1	-1	2	1	-1	-1	3	1	-1	-1	5	1	-1	-1	2	1	-1	2	4	1	-1	3	5	1	-1	-1	4	1	-1	-1	3	1	-1	-1	0	1	-1	-1	3	1	-1	0	5	1	-1	1	2	1	-1	0	0	1	-1	1	1	1	-1	-1	5	1	-1	-1	2	1	-1	-1	5	1	-1	-1	1	1	1	-1	3	1	-1	2	3	1	-1	3	0	1	1	-1	3	2	-1	3	3	1	-1	-1	0	1	-1	-1	0	1	-1	-1	1	1	-1	-1	4	1	1	-1	4	1	1	-1	2	1	-1	-1	0	1	1	-1	4	1	1	-1	1	1	1	-1	2	1	-1	-1	1	2	-1	-1	0	1	-1	-1	5	1	1	-1	
39	6-2-6-3
40	34100	4	3	1	-1	-1	3	1	1	-1	2	1	1	-1	1	1	-1	-1	0	1	-1	-1	4	1	-1	-1	5	1	1	-1	3	1	1	-1	2	1	1	-1	5	1	-1	-1	1	1	-1	-1	2	1	-1	-1	3	1	-1	-1	0	1	-1	-1	2	1	-1	0	0	1	-1	1	0	1	1	-1	1	1	1	-1	4	1	-1	-1	0	1	-1	0	0	1	-1	1	2	1	-1	-1	5	1	-1	-1	5	1	1	-1	1	1	-1	3	5	1	1	-1	5	1	1	-1	2	1	-1	-1	5	1	-1	2	2	1	-1	3	3	1	-1	-1	5	1	-1	-1	0	1	-1	-1	3	1	-1	-1	5	1	1	-1	4	1	1	-1	1	1	-1	-1	0	1	-1	-1	0	1	-1	-1	4	1	-1	0	3	1	-1	1	0	1	-1	-1	0	1	-1	-1	2	1	-1	-1	0	1	-1	-1	2	1	-1	-1	3	1	-1	-1	1	1	-1	-1	2	1	-1	2	4	1	-1	3	5	1	-1	-1	4	1	-1	-1	3	1	-1	-1	0	1	-1	-1	3	1	-1	0	5	1	-1	1	1	1	-1	0	2	1	-1	1	1	1	-1	-1	5	1	-1	-1	2	1	-1	-1	5	1	-1	-1	1	1	1	-1	3	1	-1	2	3	1	-1	3	2	1	-1	2	3	2	-1	3	3	1	-1	-1	0	1	-1	-1	0	1	-1	-1	1	1	-1	-1	4	1	1	-1	4	1	1	-1	2	1	-1	-1	5	1	-1	-1	4	1	1	-1	1	1	1	-1	2	1	-1	-1	1	2	-1	-1	0	1	-1	-1	5	1	1	-1	
41	7-2-7-3
43	6-3-6-4
42	35700	4	2	1	-1	-1	1	1	1	-1	1	1	1	-1	2	1	-1	-1	3	1	-1	-1	3	1	-1	-1	2	1	1	-1	1	1	1	-1	5	1	1	-1	3	1	-1	-1	3	1	-1	-1	2	1	-1	-1	3	1	-1	-1	0	1	-1	-1	4	1	-1	0	5	1	-1	1	3	1	1	-1	2	1	1	-1	5	1	-1	-1	1	1	-1	0	2	1	-1	1	2	1	-1	-1	0	1	-1	-1	2	1	1	-1	0	1	-1	3	0	1	1	-1	1	1	1	-1	4	1	-1	-1	0	1	-1	2	0	1	-1	3	1	1	-1	-1	5	1	-1	-1	5	1	-1	-1	1	1	-1	-1	5	1	1	-1	5	1	1	-1	2	1	-1	-1	5	1	-1	-1	2	1	-1	-1	3	1	-1	0	5	1	-1	1	0	1	-1	-1	3	1	-1	-1	5	1	-1	-1	4	1	-1	-1	1	1	-1	-1	0	1	-1	-1	0	1	-1	-1	2	1	-1	2	3	1	-1	3	0	1	-1	-1	0	1	-1	-1	2	1	-1	-1	0	1	-1	-1	2	1	-1	0	3	1	-1	1	1	1	-1	0	3	1	-1	1	4	1	-1	-1	5	1	-1	-1	4	1	-1	-1	3	1	-1	-1	0	1	1	-1	3	1	-1	2	5	1	-1	3	1	1	-1	2	4	1	-1	3	1	1	-1	-1	5	1	-1	-1	2	1	-1	-1	5	1	-1	-1	1	1	-1	-1	4	1	1	-1	2	1	-1	-1	5	1	-1	-1	4	1	1	-1	1	1	1	-1	2	1	-1	-1	1	2	-1	-1	0	1	-1	-1	5	1	1	-1	
36600	4	2	1	-1	-1	5	1	-1	-1	5	1	-1	-1	1	1	-1	-1	3	1	-1	-1	3	1	-1	-1	2	1	1	-1	1	1	1	-1	5	1	1	-1	3	1	-1	-1	3	1	-1	-1	2	1	-1	-1	3	1	-1	-1	0	1	-1	-1	4	1	-1	0	5	1	-1	1	3	1	1	-1	2	1	1	-1	5	1	-1	-1	1	1	-1	0	2	1	-1	1	4	1	-1	-1	0	1	-1	-1	2	1	1	-1	0	1	-1	3	0	1	1	-1	1	1	1	-1	4	1	-1	-1	0	1	-1	2	0	1	-1	3	2	1	-1	-1	5	1	-1	-1	5	1	-1	-1	1	1	-1	-1	5	1	1	-1	5	1	1	-1	2	1	-1	-1	5	1	-1	-1	2	1	-1	-1	3	1	-1	0	5	1	-1	1	0	1	-1	-1	3	1	-1	-1	5	1	-1	-1	4	1	-1	-1	1	1	-1	-1	0	1	-1	-1	0	1	-1	-1	2	1	-1	2	3	1	-1	3	0	1	-1	-1	0	1	-1	-1	2	1	-1	-1	0	1	-1	-1	2	1	-1	0	3	1	-1	1	1	1	-1	0	1	1	-1	1	3	1	-1	-1	5	1	-1	-1	4	1	-1	-1	3	1	-1	-1	0	1	1	-1	3	1	-1	2	5	1	-1	3	1	1	-1	2	3	1	-1	3	1	1	-1	-1	5	1	-1	-1	2	1	-1	-1	5	1	-1	-1	1	1	-1	-1	4	1	1	-1	2	1	-1	-1	5	1	-1	-1	2	1	-1	-1	1	1	1	-1	2	1	-1	-1	1	2	-1	-1	0	1	-1	-1	5	1	1	-1	
6-4-6-3
65739	5	2	1	-1	-1	5	1	-1	-1	5	1	-1	-1	1	1	-1	-1	3	1	-1	-1	3	1	-1	-1	2	1	1	-1	1	1	1	-1	5	1	1	-1	3	1	-1	-1	3	1	-1	-1	2	1	-1	-1	3	1	-1	-1	0	1	-1	-1	4	1	-1	0	5	1	-1	1	3	1	1	-1	2	1	1	-1	5	1	-1	-1	1	1	-1	0	2	1	-1	1	4	1	-1	-1	0	1	-1	-1	2	1	-1	2	0	1	-1	3	0	1	1	-1	1	1	1	-1	4	1	-1	-1	0	1	-1	2	0	1	-1	3	2	1	-1	-1	5	1	-1	-1	5	1	-1	-1	1	1	-1	-1	5	1	1	-1	5	1	1	-1	2	1	-1	-1	5	1	-1	-1	2	1	-1	-1	3	1	-1	0	5	1	-1	1	0	1	-1	-1	3	1	-1	-1	5	1	-1	-1	4	1	-1	-1	1	1	-1	-1	0	1	-1	-1	0	1	-1	-1	2	1	-1	2	3	1	-1	3	0	1	-1	-1	0	1	-1	-1	2	1	-1	-1	0	1	-1	-1	2	1	-1	0	3	1	-1	1	1	1	-1	0	1	1	-1	1	3	1	-1	-1	5	1	-1	-1	4	1	-1	-1	3	1	-1	-1	0	1	1	-1	3	1	-1	2	5	1	-1	3	1	1	-1	2	3	1	-1	3	1	1	-1	-1	5	1	-1	-1	2	1	-1	-1	5	1	-1	-1	1	1	-1	-1	4	1	1	-1	2	1	-1	-1	5	1	-1	-1	2	1	-1	-1	1	1	-1	-1	2	1	-1	-1	1	2	-1	-1	0	1	-1	-1	5	1	1	-1	
-1--1--1--1
